round,n_client_req,n_new_updates,n_delayed_updates,n_malicious_updates,n_benign_updates,update_delays,client_avg_loss,queue_size,delayed_clients,client_train_acc,client_test_acc,client_train_acc_avg,client_test_acc_avg,benign_client_train_acc_avg,benign_client_test_acc_avg,malicious_client_train_acc_avg,malicious_client_test_acc_avg,accuracy_score,aggregator_time
0,100,100,0,27,73,"[0.0, 0.0, 0.0, 0.0, 0.0, 0.0, 0.0, 0.0, 0.0, 0.0, 0.0, 0.0, 0.0, 0.0, 0.0, 0.0, 0.0, 0.0, 0.0, 0.0, 0.0, 0.0, 0.0, 0.0, 0.0, 0.0, 0.0, 0.0, 0.0, 0.0, 0.0, 0.0, 0.0, 0.0, 0.0, 0.0, 0.0, 0.0, 0.0, 0.0, 0.0, 0.0, 0.0, 0.0, 0.0, 0.0, 0.0, 0.0, 0.0, 0.0, 0.0, 0.0, 0.0, 0.0, 0.0, 0.0, 0.0, 0.0, 0.0, 0.0, 0.0, 0.0, 0.0, 0.0, 0.0, 0.0, 0.0, 0.0, 0.0, 0.0, 0.0, 0.0, 0.0, 0.0, 0.0, 0.0, 0.0, 0.0, 0.0, 0.0, 0.0, 0.0, 0.0, 0.0, 0.0, 0.0, 0.0, 0.0, 0.0, 0.0, 0.0, 0.0, 0.0, 0.0, 0.0, 0.0, 0.0, 0.0, 0.0, 0.0]","[0.6902112364768982, 0.6901029348373413, 0.693703293800354, 0.6923494338989258, 0.6839411854743958, 0.6893265247344971, 0.6997721195220947, 0.6974401473999023, 0.6926510334014893, 0.6915017366409302, 0.6883184909820557, 0.6907691955566406, 0.6928865909576416, 0.6924402713775635, 0.6939491033554077, 0.6921364068984985, 0.694299042224884, 0.694790244102478, 0.6913415193557739, 0.691909670829773, 0.693058967590332, 0.6913807392120361, 0.6950114369392395, 0.6870075464248657, 0.6952210664749146, 0.6846878528594971, 0.6953139305114746, 0.6913340091705322, 0.6941264867782593, 0.6877291202545166, 0.6869940757751465, 0.6902203559875488, 0.6886272430419922, 0.6932307481765747, 0.6901868581771851, 0.6980814933776855, 0.6896353363990784, 0.6901134252548218, 0.694770336151123, 0.6954664587974548, 0.6947115659713745, 0.6944286823272705, 0.6953060030937195, 0.6916972398757935, 0.6924240589141846, 0.6927920579910278, 0.691535234451294, 0.6958183646202087, 0.6936185956001282, 0.6901572942733765, 0.6941423416137695, 0.6902775764465332, 0.6949613094329834, 0.6875309944152832, 0.6860338449478149, 0.6956537961959839, 0.6962088346481323, 0.6919070482254028, 0.6903036832809448, 0.6939117908477783, 0.6959158182144165, 0.6885749101638794, 0.6942715048789978, 0.6907669305801392, 0.6910570859909058, 0.6932425498962402, 0.6851603984832764, 0.6943545341491699, 0.6939585208892822, 0.6994459629058838, 0.6905012726783752, 0.6955726742744446, 0.6990083456039429, 0.6907001733779907, 0.6871662139892578, 0.6898630261421204, 0.6927775144577026, 0.6881922483444214, 0.695563018321991, 0.6940352916717529, 0.6895147562026978, 0.6972024440765381, 0.686779797077179, 0.6901014447212219, 0.6911989450454712, 0.6957939863204956, 0.6956682801246643, 0.6839182376861572, 0.6926436424255371, 0.6890856027603149, 0.6940246820449829, 0.6911441087722778, 0.6933974027633667, 0.6923964023590088, 0.69248366355896, 0.689605712890625, 0.691720187664032, 0.6930676698684692, 0.6978554725646973, 0.6896195411682129]",0,set(),"[0.5833333134651184, 0.5, 0.3333333432674408, 0.5833333134651184, 0.8333333134651184, 0.5833333134651184, 0.4166666567325592, 0.1666666716337204, 0.4166666567325592, 0.6666666865348816, 0.75, 0.5833333134651184, 0.5833333134651184, 0.4166666567325592, 0.5, 0.4166666567325592, 0.3333333432674408, 0.5833333134651184, 0.4166666567325592, 0.6666666865348816, 0.6666666865348816, 0.3333333432674408, 0.5833333134651184, 0.6666666865348816, 0.5, 0.6666666865348816, 0.5833333134651184, 0.5, 0.4166666567325592, 0.6666666865348816, 0.5833333134651184, 0.75, 0.5, 0.4166666567325592, 0.5, 0.25, 0.5833333134651184, 0.5, 0.5, 0.25, 0.5, 0.4166666567325592, 0.3333333432674408, 0.5833333134651184, 0.3333333432674408, 0.5, 0.4166666567325592, 0.4166666567325592, 0.3333333432674408, 0.6666666865348816, 0.3333333432674408, 0.5833333134651184, 0.3333333432674408, 0.75, 0.5833333134651184, 0.25, 0.3333333432674408, 0.4166666567325592, 0.5833333134651184, 0.75, 0.3333333432674408, 0.5833333134651184, 0.4166666567325592, 0.5, 0.5, 0.6666666865348816, 0.75, 0.4166666567325592, 0.4166666567325592, 0.1666666716337204, 0.5, 0.3333333432674408, 0.1666666716337204, 0.8333333134651184, 0.6666666865348816, 1.0, 0.6666666865348816, 0.5833333134651184, 0.3333333432674408, 0.5, 0.75, 0.25, 0.75, 0.5833333134651184, 0.4166666567325592, 0.4166666567325592, 0.3333333432674408, 0.75, 0.5, 0.5833333134651184, 0.4166666567325592, 0.6666666865348816, 0.3333333432674408, 0.5833333134651184, 0.6666666865348816, 0.75, 0.4166666567325592, 0.4166666567325592, 0.4166666567325592, 0.5833333134651184]","[0.4624113440513611, 0.46335697174072266, 0.4690307378768921, 0.464775413274765, 0.46288415789604187, 0.4657210409641266, 0.340898334980011, 0.4609929025173187, 0.4652482271194458, 0.38345155119895935, 0.4260047376155853, 0.40047281980514526, 0.3919621706008911, 0.4652482271194458, 0.3569740056991577, 0.46288415789604187, 0.46666666865348816, 0.35224586725234985, 0.4619385302066803, 0.40047281980514526, 0.3607564866542816, 0.464775413274765, 0.3985815644264221, 0.46382978558540344, 0.4624113440513611, 0.4624113440513611, 0.368794322013855, 0.46761229634284973, 0.464775413274765, 0.46382978558540344, 0.46382978558540344, 0.3787234127521515, 0.4619385302066803, 0.46666666865348816, 0.46382978558540344, 0.4553191363811493, 0.46382978558540344, 0.46382978558540344, 0.3583924472332001, 0.46382978558540344, 0.35224586725234985, 0.4624113440513611, 0.4576832056045532, 0.4624113440513611, 0.46761229634284973, 0.46335697174072266, 0.4680851101875305, 0.4619385302066803, 0.4652482271194458, 0.4099290668964386, 0.4624113440513611, 0.4652482271194458, 0.4619385302066803, 0.4297872483730316, 0.46335697174072266, 0.4685579240322113, 0.46382978558540344, 0.4685579240322113, 0.4657210409641266, 0.33900707960128784, 0.4619385302066803, 0.4624113440513611, 0.46335697174072266, 0.464775413274765, 0.46382978558540344, 0.36264774203300476, 0.46288415789604187, 0.46382978558540344, 0.4695035517215729, 0.46666666865348816, 0.4657210409641266, 0.464775413274765, 0.4553191363811493, 0.38676121830940247, 0.46335697174072266, 0.3716312050819397, 0.37304964661598206, 0.4624113440513611, 0.46288415789604187, 0.46382978558540344, 0.4260047376155853, 0.4685579240322113, 0.43971630930900574, 0.4624113440513611, 0.46666666865348816, 0.4685579240322113, 0.4695035517215729, 0.46288415789604187, 0.46382978558540344, 0.46382978558540344, 0.46761229634284973, 0.4198581576347351, 0.46666666865348816, 0.46335697174072266, 0.3881796598434448, 0.3985815644264221, 0.46430259943008423, 0.46430259943008423, 0.35650119185447693, 0.46382978558540344]",0.5108333230018616,0.4425767958164215,0.45776256918907166,0.45776256918907166,0.6543209552764893,0.3841344714164734,0.4557919621749409,0.11274504661560059
1,100,100,0,34,66,"[0.0, 0.0, 0.0, 0.0, 0.0, 0.0, 0.0, 0.0, 0.0, 0.0, 0.0, 0.0, 0.0, 0.0, 0.0, 0.0, 0.0, 0.0, 0.0, 0.0, 0.0, 0.0, 0.0, 0.0, 0.0, 0.0, 0.0, 0.0, 0.0, 0.0, 0.0, 0.0, 0.0, 0.0, 0.0, 0.0, 0.0, 0.0, 0.0, 0.0, 0.0, 0.0, 0.0, 0.0, 0.0, 0.0, 0.0, 0.0, 0.0, 0.0, 0.0, 0.0, 0.0, 0.0, 0.0, 0.0, 0.0, 0.0, 0.0, 0.0, 0.0, 0.0, 0.0, 0.0, 0.0, 0.0, 0.0, 0.0, 0.0, 0.0, 0.0, 0.0, 0.0, 0.0, 0.0, 0.0, 0.0, 0.0, 0.0, 0.0, 0.0, 0.0, 0.0, 0.0, 0.0, 0.0, 0.0, 0.0, 0.0, 0.0, 0.0, 0.0, 0.0, 0.0, 0.0, 0.0, 0.0, 0.0, 0.0, 0.0]","[0.6837207078933716, 0.6876034140586853, 0.6920279860496521, 0.6862422227859497, 0.689468264579773, 0.6883288621902466, 0.6896374821662903, 0.6939800977706909, 0.6901971101760864, 0.6934627294540405, 0.6972512006759644, 0.6836861968040466, 0.688751220703125, 0.6955443620681763, 0.6883395910263062, 0.6951017379760742, 0.691973865032196, 0.6934024095535278, 0.6828280091285706, 0.6937366724014282, 0.6864540576934814, 0.685630738735199, 0.6876696944236755, 0.6965685486793518, 0.6926704049110413, 0.6907935738563538, 0.6906145215034485, 0.6870704889297485, 0.6861162185668945, 0.6870476007461548, 0.6825781464576721, 0.6903036832809448, 0.6893210411071777, 0.6865062713623047, 0.6970260143280029, 0.6955189108848572, 0.6875686049461365, 0.6927660703659058, 0.6945126056671143, 0.6870386004447937, 0.6866398453712463, 0.6907550096511841, 0.6930515766143799, 0.694298505783081, 0.6927546858787537, 0.6939846277236938, 0.6932784914970398, 0.6909244656562805, 0.6872040033340454, 0.6906543970108032, 0.6922070980072021, 0.694301426410675, 0.6880525350570679, 0.6935756206512451, 0.6892324686050415, 0.6889730095863342, 0.6921423673629761, 0.6961935758590698, 0.6826316118240356, 0.6837620139122009, 0.6918012499809265, 0.6919546127319336, 0.6843085289001465, 0.6946998834609985, 0.6871541738510132, 0.6864440441131592, 0.693989634513855, 0.6866450905799866, 0.6858698725700378, 0.6955013871192932, 0.7005891799926758, 0.6892604827880859, 0.6910156011581421, 0.6932017207145691, 0.6957056522369385, 0.686575710773468, 0.6875521540641785, 0.6912578344345093, 0.6896442174911499, 0.6930278539657593, 0.6924549341201782, 0.6875430345535278, 0.6964038610458374, 0.684028148651123, 0.6897974014282227, 0.6921628713607788, 0.6933612823486328, 0.6932855248451233, 0.6942611932754517, 0.6948419809341431, 0.6899830102920532, 0.6857482194900513, 0.6945070028305054, 0.6970667839050293, 0.6935790777206421, 0.6954845190048218, 0.6964285373687744, 0.6875393390655518, 0.6894115209579468, 0.6928611993789673]",0,set(),"[0.6666666865348816, 0.5, 0.3333333432674408, 0.75, 0.4166666567325592, 0.8333333134651184, 0.5833333134651184, 0.3333333432674408, 0.6666666865348816, 0.4166666567325592, 0.25, 0.75, 0.5, 0.6666666865348816, 0.5, 0.25, 0.75, 0.5833333134651184, 0.75, 0.5833333134651184, 0.5833333134651184, 0.6666666865348816, 0.5, 0.1666666716337204, 0.4166666567325592, 0.4166666567325592, 0.5, 0.6666666865348816, 0.5833333134651184, 0.8333333134651184, 0.75, 0.5833333134651184, 0.8333333134651184, 0.5833333134651184, 0.5, 0.6666666865348816, 0.5833333134651184, 0.3333333432674408, 0.5833333134651184, 0.5833333134651184, 0.5833333134651184, 0.75, 0.6666666865348816, 0.6666666865348816, 0.3333333432674408, 0.5, 0.4166666567325592, 0.4166666567325592, 0.5, 0.75, 0.4166666567325592, 0.3333333432674408, 0.6666666865348816, 0.3333333432674408, 0.75, 0.4166666567325592, 0.4166666567325592, 0.5, 0.6666666865348816, 0.6666666865348816, 0.4166666567325592, 0.4166666567325592, 0.6666666865348816, 0.25, 0.5833333134651184, 0.6666666865348816, 0.5833333134651184, 0.5833333134651184, 0.5833333134651184, 0.5833333134651184, 0.3333333432674408, 0.4166666567325592, 0.75, 0.4166666567325592, 0.25, 0.6666666865348816, 0.5, 0.5833333134651184, 0.4166666567325592, 0.4166666567325592, 0.6666666865348816, 0.5833333134651184, 0.5, 0.6666666865348816, 0.6666666865348816, 0.5, 0.6666666865348816, 0.5, 0.5833333134651184, 0.3333333432674408, 0.5, 0.6666666865348816, 0.5, 0.4166666567325592, 0.75, 0.5833333134651184, 0.4166666567325592, 0.8333333134651184, 0.75, 0.5833333134651184]","[0.46430259943008423, 0.46430259943008423, 0.48132386803627014, 0.46430259943008423, 0.4784869849681854, 0.43309691548347473, 0.46666666865348816, 0.48463356494903564, 0.4269503653049469, 0.4718676209449768, 0.4959810972213745, 0.46430259943008423, 0.46761229634284973, 0.39007091522216797, 0.46713948249816895, 0.4799054265022278, 0.42174941301345825, 0.3995271921157837, 0.46335697174072266, 0.4165484607219696, 0.4661938548088074, 0.46430259943008423, 0.46666666865348816, 0.49456265568733215, 0.4756501317024231, 0.47754135727882385, 0.4680851101875305, 0.464775413274765, 0.464775413274765, 0.4515366554260254, 0.46335697174072266, 0.46430259943008423, 0.4198581576347351, 0.4652482271194458, 0.38014185428619385, 0.3721040189266205, 0.464775413274765, 0.479432612657547, 0.3929077982902527, 0.46666666865348816, 0.46430259943008423, 0.4208037853240967, 0.4316784739494324, 0.4000000059604645, 0.4822694957256317, 0.40330970287323, 0.4784869849681854, 0.47754135727882385, 0.4695035517215729, 0.41134750843048096, 0.479432612657547, 0.48132386803627014, 0.46430259943008423, 0.4836879372596741, 0.40756499767303467, 0.47328606247901917, 0.48037824034690857, 0.3815602958202362, 0.464775413274765, 0.464775413274765, 0.47092199325561523, 0.47375887632369995, 0.464775413274765, 0.4936170279979706, 0.46430259943008423, 0.464775413274765, 0.41465720534324646, 0.464775413274765, 0.46713948249816895, 0.3985815644264221, 0.3744680881500244, 0.4761229455471039, 0.41134750843048096, 0.4799054265022278, 0.479432612657547, 0.46430259943008423, 0.4661938548088074, 0.46430259943008423, 0.4728132486343384, 0.4747045040130615, 0.4198581576347351, 0.4652482271194458, 0.40472814440727234, 0.464775413274765, 0.41891252994537354, 0.4747045040130615, 0.38723403215408325, 0.4756501317024231, 0.4160756468772888, 0.47659575939178467, 0.4789597988128662, 0.4652482271194458, 0.39432623982429504, 0.39338061213493347, 0.3825059235095978, 0.3914893567562103, 0.4822694957256317, 0.45342791080474854, 0.4411347508430481, 0.41229313611984253]",0.549166738986969,0.4502505958080292,0.5012626051902771,0.5012626051902771,0.6421568393707275,0.4080934524536133,0.46004728132387707,0.21117687225341797
2,100,100,0,33,67,"[0.0, 0.0, 0.0, 0.0, 0.0, 0.0, 0.0, 0.0, 0.0, 0.0, 0.0, 0.0, 0.0, 0.0, 0.0, 0.0, 0.0, 0.0, 0.0, 0.0, 0.0, 0.0, 0.0, 0.0, 0.0, 0.0, 0.0, 0.0, 0.0, 0.0, 0.0, 0.0, 0.0, 0.0, 0.0, 0.0, 0.0, 0.0, 0.0, 0.0, 0.0, 0.0, 0.0, 0.0, 0.0, 0.0, 0.0, 0.0, 0.0, 0.0, 0.0, 0.0, 0.0, 0.0, 0.0, 0.0, 0.0, 0.0, 0.0, 0.0, 0.0, 0.0, 0.0, 0.0, 0.0, 0.0, 0.0, 0.0, 0.0, 0.0, 0.0, 0.0, 0.0, 0.0, 0.0, 0.0, 0.0, 0.0, 0.0, 0.0, 0.0, 0.0, 0.0, 0.0, 0.0, 0.0, 0.0, 0.0, 0.0, 0.0, 0.0, 0.0, 0.0, 0.0, 0.0, 0.0, 0.0, 0.0, 0.0, 0.0]","[0.6889511346817017, 0.6932575702667236, 0.6868846416473389, 0.682440996170044, 0.6987044811248779, 0.6965429186820984, 0.6910301446914673, 0.6927835941314697, 0.6882994771003723, 0.6880912184715271, 0.6881543397903442, 0.6823466420173645, 0.6958724856376648, 0.689243495464325, 0.6960139274597168, 0.683255136013031, 0.6894059181213379, 0.683131217956543, 0.7008463144302368, 0.6941197514533997, 0.694659948348999, 0.6893364191055298, 0.6921491622924805, 0.6968883275985718, 0.6885701417922974, 0.6930402517318726, 0.6876142621040344, 0.6913427710533142, 0.6926091313362122, 0.6980165839195251, 0.6945241689682007, 0.6975101232528687, 0.6891728639602661, 0.6909729242324829, 0.6954655647277832, 0.6855693459510803, 0.6910557746887207, 0.687651515007019, 0.6922166347503662, 0.6926580667495728, 0.6952072381973267, 0.6909469962120056, 0.6901893615722656, 0.6913903951644897, 0.6819682121276855, 0.6804890632629395, 0.6967949867248535, 0.6844272613525391, 0.6903083920478821, 0.6899305582046509, 0.6852245926856995, 0.6889750361442566, 0.6891484260559082, 0.6889927387237549, 0.6835322380065918, 0.6863293647766113, 0.6986129283905029, 0.6858082413673401, 0.6845632791519165, 0.6910868883132935, 0.6936722993850708, 0.6930829286575317, 0.6897494196891785, 0.6925575733184814, 0.6918079853057861, 0.6884143948554993, 0.6944862604141235, 0.6963584423065186, 0.6867522597312927, 0.6840187907218933, 0.6894446611404419, 0.6829867362976074, 0.6879347562789917, 0.6827788352966309, 0.6952950954437256, 0.6962703466415405, 0.6848232746124268, 0.6947164535522461, 0.6950573325157166, 0.6877263784408569, 0.7030441761016846, 0.690190851688385, 0.6935461759567261, 0.6914682388305664, 0.6926740407943726, 0.6903324127197266, 0.6983461380004883, 0.6899839639663696, 0.6941143870353699, 0.6910393238067627, 0.6975799798965454, 0.688466489315033, 0.6862800121307373, 0.6842610836029053, 0.6877318620681763, 0.6876482367515564, 0.6885683536529541, 0.6919580101966858, 0.6849491596221924, 0.696686863899231]",0,set(),"[0.6666666865348816, 0.4166666567325592, 0.5833333134651184, 0.6666666865348816, 0.5, 0.5833333134651184, 0.6666666865348816, 0.5833333134651184, 0.5, 0.5833333134651184, 0.5833333134651184, 0.75, 0.5, 0.5, 0.3333333432674408, 0.75, 0.5833333134651184, 0.6666666865348816, 0.4166666567325592, 0.3333333432674408, 0.6666666865348816, 0.4166666567325592, 0.75, 0.25, 0.75, 0.6666666865348816, 0.5833333134651184, 0.5, 0.4166666567325592, 0.5, 0.25, 0.5, 0.4166666567325592, 0.8333333134651184, 0.5, 0.6666666865348816, 0.4166666567325592, 0.8333333134651184, 0.4166666567325592, 0.5833333134651184, 0.3333333432674408, 0.5833333134651184, 0.5, 0.75, 0.6666666865348816, 0.75, 0.5833333134651184, 0.6666666865348816, 0.5833333134651184, 0.4166666567325592, 0.6666666865348816, 0.5833333134651184, 0.5833333134651184, 0.5833333134651184, 0.6666666865348816, 0.5833333134651184, 0.4166666567325592, 0.5833333134651184, 0.6666666865348816, 0.3333333432674408, 0.6666666865348816, 0.6666666865348816, 0.5, 0.6666666865348816, 0.4166666567325592, 0.5833333134651184, 0.5833333134651184, 0.4166666567325592, 0.5833333134651184, 0.5833333134651184, 0.4166666567325592, 0.6666666865348816, 0.5833333134651184, 0.6666666865348816, 0.3333333432674408, 0.5, 0.5833333134651184, 0.4166666567325592, 0.5833333134651184, 0.5, 0.25, 0.5833333134651184, 0.4166666567325592, 0.5, 0.75, 0.8333333134651184, 0.5, 0.5833333134651184, 0.5833333134651184, 0.4166666567325592, 0.3333333432674408, 0.4166666567325592, 0.6666666865348816, 0.6666666865348816, 0.5833333134651184, 0.5833333134651184, 0.5, 0.4166666567325592, 0.6666666865348816, 0.6666666865348816]","[0.4652482271194458, 0.479432612657547, 0.4661938548088074, 0.464775413274765, 0.41513001918792725, 0.4226950407028198, 0.4378250539302826, 0.4340425431728363, 0.4680851101875305, 0.47754135727882385, 0.471394807100296, 0.464775413274765, 0.4297872483730316, 0.4690307378768921, 0.48841607570648193, 0.46430259943008423, 0.4657210409641266, 0.4652482271194458, 0.4127659499645233, 0.5049645304679871, 0.43309691548347473, 0.4784869849681854, 0.4543735086917877, 0.48747044801712036, 0.44539007544517517, 0.4520094692707062, 0.4657210409641266, 0.47092199325561523, 0.49408984184265137, 0.4127659499645233, 0.49881798028945923, 0.4231678545475006, 0.47328606247901917, 0.42505910992622375, 0.4198581576347351, 0.46430259943008423, 0.479432612657547, 0.4557919502258301, 0.5021276473999023, 0.4312056601047516, 0.4959810972213745, 0.436879426240921, 0.49834516644477844, 0.45248228311538696, 0.464775413274765, 0.4652482271194458, 0.4165484607219696, 0.4657210409641266, 0.4756501317024231, 0.4756501317024231, 0.464775413274765, 0.4680851101875305, 0.48510637879371643, 0.464775413274765, 0.4652482271194458, 0.4865248203277588, 0.41134750843048096, 0.4756501317024231, 0.464775413274765, 0.49125295877456665, 0.42931443452835083, 0.4165484607219696, 0.47328606247901917, 0.43309691548347473, 0.4817966818809509, 0.49172577261924744, 0.4174940884113312, 0.41843971610069275, 0.46666666865348816, 0.4690307378768921, 0.48085105419158936, 0.464775413274765, 0.4747045040130615, 0.4652482271194458, 0.4903073310852051, 0.42789599299430847, 0.4690307378768921, 0.5111111402511597, 0.4382978677749634, 0.4695035517215729, 0.4070921838283539, 0.4657210409641266, 0.49739953875541687, 0.4695035517215729, 0.44208037853240967, 0.4477541446685791, 0.41182032227516174, 0.4661938548088074, 0.43546098470687866, 0.47801417112350464, 0.4855791926383972, 0.4723404347896576, 0.4652482271194458, 0.4657210409641266, 0.46666666865348816, 0.471394807100296, 0.47044917941093445, 0.4959810972213745, 0.4652482271194458, 0.4132387638092041]",0.5541666150093079,0.4604160785675049,0.531094491481781,0.531094491481781,0.6010100841522217,0.42911383509635925,0.4652482269503546,0.22400856018066406
3,100,100,0,24,76,"[0.0, 0.0, 0.0, 0.0, 0.0, 0.0, 0.0, 0.0, 0.0, 0.0, 0.0, 0.0, 0.0, 0.0, 0.0, 0.0, 0.0, 0.0, 0.0, 0.0, 0.0, 0.0, 0.0, 0.0, 0.0, 0.0, 0.0, 0.0, 0.0, 0.0, 0.0, 0.0, 0.0, 0.0, 0.0, 0.0, 0.0, 0.0, 0.0, 0.0, 0.0, 0.0, 0.0, 0.0, 0.0, 0.0, 0.0, 0.0, 0.0, 0.0, 0.0, 0.0, 0.0, 0.0, 0.0, 0.0, 0.0, 0.0, 0.0, 0.0, 0.0, 0.0, 0.0, 0.0, 0.0, 0.0, 0.0, 0.0, 0.0, 0.0, 0.0, 0.0, 0.0, 0.0, 0.0, 0.0, 0.0, 0.0, 0.0, 0.0, 0.0, 0.0, 0.0, 0.0, 0.0, 0.0, 0.0, 0.0, 0.0, 0.0, 0.0, 0.0, 0.0, 0.0, 0.0, 0.0, 0.0, 0.0, 0.0, 0.0]","[0.6934444904327393, 0.6849197149276733, 0.6974911689758301, 0.6899919509887695, 0.6952290534973145, 0.6870765089988708, 0.6962286233901978, 0.6792124509811401, 0.6863343715667725, 0.6945767402648926, 0.6907074451446533, 0.6848857402801514, 0.6912692785263062, 0.6948094367980957, 0.6949869394302368, 0.6873127222061157, 0.6892550587654114, 0.6943544149398804, 0.6896179914474487, 0.6894916296005249, 0.6941357851028442, 0.6921505928039551, 0.693366527557373, 0.6916115283966064, 0.6863871812820435, 0.6937763094902039, 0.6859757900238037, 0.6801878809928894, 0.6817328929901123, 0.6907943487167358, 0.6829841136932373, 0.6846379637718201, 0.6991918087005615, 0.6818192005157471, 0.6912575364112854, 0.698620080947876, 0.6894436478614807, 0.6870853304862976, 0.6894189715385437, 0.694861888885498, 0.6925808191299438, 0.6932851076126099, 0.6848607063293457, 0.6972759962081909, 0.6861329674720764, 0.6845587491989136, 0.6962934732437134, 0.6943933963775635, 0.6986579895019531, 0.6947671175003052, 0.6829296350479126, 0.6926627159118652, 0.6882502436637878, 0.6913642883300781, 0.6902729272842407, 0.6968065500259399, 0.7034903168678284, 0.6893150210380554, 0.7006473541259766, 0.6806769371032715, 0.6827197074890137, 0.6851894855499268, 0.6900221109390259, 0.6942006945610046, 0.6991028785705566, 0.6983562707901001, 0.6908622980117798, 0.6839009523391724, 0.6877066493034363, 0.6910462379455566, 0.6867133378982544, 0.6835004091262817, 0.6879289150238037, 0.6869096755981445, 0.6924095153808594, 0.6931868195533752, 0.6823301315307617, 0.694916844367981, 0.6972146034240723, 0.6915245056152344, 0.6891596913337708, 0.6926581263542175, 0.6997127532958984, 0.6900969743728638, 0.6858959197998047, 0.6927821636199951, 0.6921122074127197, 0.6944559812545776, 0.6915571689605713, 0.6907311677932739, 0.6972364187240601, 0.696593165397644, 0.6887774467468262, 0.6855140924453735, 0.6880112290382385, 0.687545657157898, 0.6918783783912659, 0.6873091459274292, 0.6931677460670471, 0.6977618336677551]",0,set(),"[0.5833333134651184, 0.5833333134651184, 0.5, 0.4166666567325592, 0.5, 0.5833333134651184, 0.5, 0.8333333134651184, 0.6666666865348816, 0.75, 0.5, 0.5833333134651184, 0.5, 0.5, 0.5833333134651184, 0.5833333134651184, 0.5, 0.6666666865348816, 0.4166666567325592, 0.4166666567325592, 0.5833333134651184, 0.4166666567325592, 0.3333333432674408, 0.4166666567325592, 0.5833333134651184, 0.5, 0.5, 0.8333333134651184, 0.75, 0.6666666865348816, 0.6666666865348816, 0.5, 0.5, 0.6666666865348816, 0.8333333134651184, 0.5833333134651184, 0.5, 0.5, 0.5, 0.25, 0.4166666567325592, 0.4166666567325592, 0.5, 0.1666666716337204, 0.5833333134651184, 0.5833333134651184, 0.5833333134651184, 0.3333333432674408, 0.25, 0.4166666567325592, 0.5833333134651184, 0.25, 0.5833333134651184, 0.4166666567325592, 0.4166666567325592, 0.3333333432674408, 0.3333333432674408, 0.4166666567325592, 0.4166666567325592, 0.75, 0.6666666865348816, 0.6666666865348816, 0.5, 0.25, 0.5, 0.4166666567325592, 0.3333333432674408, 0.5833333134651184, 0.5, 0.4166666567325592, 0.5833333134651184, 0.5833333134651184, 0.5833333134651184, 0.5833333134651184, 0.6666666865348816, 0.6666666865348816, 0.6666666865348816, 0.4166666567325592, 0.1666666716337204, 0.5, 0.5, 0.3333333432674408, 0.4166666567325592, 0.3333333432674408, 0.5, 0.75, 0.4166666567325592, 0.25, 0.4166666567325592, 0.5, 0.25, 0.5833333134651184, 0.4166666567325592, 0.5833333134651184, 0.5, 0.5, 0.6666666865348816, 0.5833333134651184, 0.25, 0.4166666567325592]","[0.4515366554260254, 0.46666666865348816, 0.4340425431728363, 0.48747044801712036, 0.4449172616004944, 0.4789597988128662, 0.4515366554260254, 0.46382978558540344, 0.4652482271194458, 0.4515366554260254, 0.5134751796722412, 0.4680851101875305, 0.46997636556625366, 0.5177304744720459, 0.4378250539302826, 0.4657210409641266, 0.49125295877456665, 0.4378250539302826, 0.49456265568733215, 0.49125295877456665, 0.43546098470687866, 0.48463356494903564, 0.5087470412254333, 0.5177304744720459, 0.4661938548088074, 0.5219858288764954, 0.47375887632369995, 0.46335697174072266, 0.46430259943008423, 0.45342791080474854, 0.4661938548088074, 0.4695035517215729, 0.443498820066452, 0.4652482271194458, 0.4624113440513611, 0.4345153570175171, 0.46666666865348816, 0.46713948249816895, 0.5106382966041565, 0.5148935914039612, 0.5002363920211792, 0.5068557858467102, 0.48132386803627014, 0.5276595950126648, 0.46666666865348816, 0.46666666865348816, 0.4378250539302826, 0.5063830018043518, 0.5163120627403259, 0.48085105419158936, 0.47375887632369995, 0.5078014135360718, 0.49456265568733215, 0.4822694957256317, 0.5007092356681824, 0.49078014492988586, 0.4312056601047516, 0.5125295519828796, 0.42789599299430847, 0.46382978558540344, 0.464775413274765, 0.48037824034690857, 0.4799054265022278, 0.5096926689147949, 0.4382978677749634, 0.4411347508430481, 0.5044917464256287, 0.4661938548088074, 0.49172577261924744, 0.4789597988128662, 0.47328606247901917, 0.47423169016838074, 0.4761229455471039, 0.46997636556625366, 0.4510638415813446, 0.4486997723579407, 0.4657210409641266, 0.5248227119445801, 0.5238770842552185, 0.5134751796722412, 0.47706854343414307, 0.5200945734977722, 0.4335697293281555, 0.501654863357544, 0.4747045040130615, 0.4520094692707062, 0.4865248203277588, 0.5182033181190491, 0.5044917464256287, 0.47328606247901917, 0.5229314565658569, 0.4520094692707062, 0.4827423095703125, 0.46713948249816895, 0.49456265568733215, 0.49503546953201294, 0.45295509696006775, 0.4652482271194458, 0.4921985864639282, 0.4340425431728363]",0.5041666626930237,0.4772718548774719,0.48355257511138916,0.48355257511138916,0.569444477558136,0.443301796913147,0.47044917257683216,0.11767268180847168
4,100,100,0,35,65,"[0.0, 0.0, 0.0, 0.0, 0.0, 0.0, 0.0, 0.0, 0.0, 0.0, 0.0, 0.0, 0.0, 0.0, 0.0, 0.0, 0.0, 0.0, 0.0, 0.0, 0.0, 0.0, 0.0, 0.0, 0.0, 0.0, 0.0, 0.0, 0.0, 0.0, 0.0, 0.0, 0.0, 0.0, 0.0, 0.0, 0.0, 0.0, 0.0, 0.0, 0.0, 0.0, 0.0, 0.0, 0.0, 0.0, 0.0, 0.0, 0.0, 0.0, 0.0, 0.0, 0.0, 0.0, 0.0, 0.0, 0.0, 0.0, 0.0, 0.0, 0.0, 0.0, 0.0, 0.0, 0.0, 0.0, 0.0, 0.0, 0.0, 0.0, 0.0, 0.0, 0.0, 0.0, 0.0, 0.0, 0.0, 0.0, 0.0, 0.0, 0.0, 0.0, 0.0, 0.0, 0.0, 0.0, 0.0, 0.0, 0.0, 0.0, 0.0, 0.0, 0.0, 0.0, 0.0, 0.0, 0.0, 0.0, 0.0, 0.0]","[0.6867448091506958, 0.6937950849533081, 0.6961785554885864, 0.6940383911132812, 0.6921522617340088, 0.6992857456207275, 0.6844581961631775, 0.6879664659500122, 0.6965051889419556, 0.6963035464286804, 0.6889952421188354, 0.6888149976730347, 0.6814124584197998, 0.6915594935417175, 0.685110330581665, 0.6977097392082214, 0.6950510740280151, 0.685945451259613, 0.6912503242492676, 0.6900155544281006, 0.6971315145492554, 0.6817737817764282, 0.6982919573783875, 0.6982260346412659, 0.689443051815033, 0.6918867826461792, 0.7002199292182922, 0.6902034878730774, 0.6962774395942688, 0.6979706883430481, 0.6962903738021851, 0.6947691440582275, 0.6960933208465576, 0.6891542673110962, 0.6884620189666748, 0.6880545020103455, 0.6883729696273804, 0.6993225812911987, 0.6847116947174072, 0.6864692568778992, 0.6782039999961853, 0.6984928846359253, 0.6934301853179932, 0.6938564777374268, 0.6786103248596191, 0.6924554109573364, 0.6921521425247192, 0.6889069676399231, 0.6943718194961548, 0.6865190267562866, 0.6913193464279175, 0.6939074993133545, 0.6855641603469849, 0.6909978985786438, 0.690064013004303, 0.6863189935684204, 0.6861065030097961, 0.6925528049468994, 0.6918243169784546, 0.6861044764518738, 0.7041239738464355, 0.6895025968551636, 0.6890807151794434, 0.6910946369171143, 0.684643030166626, 0.6884524822235107, 0.684130072593689, 0.6890584230422974, 0.6846517324447632, 0.6892678737640381, 0.688490629196167, 0.693900465965271, 0.6835471391677856, 0.6832354664802551, 0.6969640851020813, 0.7044007778167725, 0.6846950650215149, 0.6975055932998657, 0.6807954907417297, 0.6908672451972961, 0.6858040690422058, 0.6778699159622192, 0.6921935677528381, 0.6832593083381653, 0.7010164260864258, 0.6815758943557739, 0.6929690837860107, 0.6998599767684937, 0.6974198222160339, 0.6890031695365906, 0.694603443145752, 0.686176061630249, 0.6787129640579224, 0.701842188835144, 0.693203866481781, 0.6913872361183167, 0.6875243186950684, 0.6956959962844849, 0.6961650252342224, 0.6857025623321533]",0,set(),"[0.5833333134651184, 0.25, 0.6666666865348816, 0.75, 0.4166666567325592, 0.5, 0.6666666865348816, 0.4166666567325592, 0.5, 0.5833333134651184, 0.5, 0.5, 0.6666666865348816, 0.6666666865348816, 0.5833333134651184, 0.5, 0.25, 0.5, 0.5, 0.5, 0.5833333134651184, 0.6666666865348816, 0.4166666567325592, 0.5833333134651184, 0.4166666567325592, 0.3333333432674408, 0.3333333432674408, 0.3333333432674408, 0.5833333134651184, 0.5833333134651184, 0.5, 0.5833333134651184, 0.5833333134651184, 0.5, 0.5833333134651184, 0.5, 0.5, 0.4166666567325592, 0.5833333134651184, 0.5833333134651184, 0.75, 0.5, 0.4166666567325592, 0.5, 0.75, 0.8333333134651184, 0.8333333134651184, 0.5, 0.5833333134651184, 0.5, 0.3333333432674408, 0.6666666865348816, 0.5833333134651184, 0.5833333134651184, 0.3333333432674408, 0.5833333134651184, 0.5833333134651184, 0.4166666567325592, 0.3333333432674408, 0.5, 0.3333333432674408, 0.5, 0.8333333134651184, 0.4166666567325592, 0.6666666865348816, 0.8333333134651184, 0.6666666865348816, 0.5, 0.6666666865348816, 0.4166666567325592, 0.75, 0.5833333134651184, 0.5833333134651184, 0.6666666865348816, 0.6666666865348816, 0.25, 0.5, 0.5833333134651184, 0.5833333134651184, 0.5, 0.5, 0.8333333134651184, 0.5833333134651184, 0.6666666865348816, 0.5, 0.6666666865348816, 0.5833333134651184, 0.4166666567325592, 0.5833333134651184, 0.4166666567325592, 0.6666666865348816, 0.5833333134651184, 0.75, 0.25, 0.4166666567325592, 0.5, 0.5, 0.5, 0.25, 0.6666666865348816]","[0.5101655125617981, 0.540898323059082, 0.4576832056045532, 0.4624113440513611, 0.5635933876037598, 0.4557919502258301, 0.4661938548088074, 0.4888888895511627, 0.4543735086917877, 0.4543735086917877, 0.49456265568733215, 0.4969267249107361, 0.4661938548088074, 0.5319148898124695, 0.4822694957256317, 0.4576832056045532, 0.5295508503913879, 0.4865248203277588, 0.532860517501831, 0.547517716884613, 0.45673757791519165, 0.47044917941093445, 0.45295509696006775, 0.45390069484710693, 0.5191489458084106, 0.5205673575401306, 0.48416075110435486, 0.5366430282592773, 0.45721039175987244, 0.458156019449234, 0.46004727482795715, 0.4576832056045532, 0.4557919502258301, 0.5111111402511597, 0.5522458553314209, 0.47754135727882385, 0.4836879372596741, 0.4505910277366638, 0.49408984184265137, 0.47044917941093445, 0.46997636556625366, 0.4557919502258301, 0.5125295519828796, 0.5588652491569519, 0.4680851101875305, 0.4624113440513611, 0.4609929025173187, 0.5248227119445801, 0.45957446098327637, 0.4855791926383972, 0.5139479637145996, 0.46052008867263794, 0.5163120627403259, 0.5446808338165283, 0.5300236344337463, 0.4827423095703125, 0.47423169016838074, 0.5186761021614075, 0.5215129852294922, 0.48416075110435486, 0.45295509696006775, 0.5153664350509644, 0.46288415789604187, 0.5579196214675903, 0.46713948249816895, 0.4624113440513611, 0.46997636556625366, 0.486052006483078, 0.4661938548088074, 0.5243498682975769, 0.46288415789604187, 0.4614657163619995, 0.47044917941093445, 0.4747045040130615, 0.458156019449234, 0.46430259943008423, 0.49929079413414, 0.45342791080474854, 0.4756501317024231, 0.5323877334594727, 0.48416075110435486, 0.4690307378768921, 0.5498818159103394, 0.4751773178577423, 0.4548463225364685, 0.47044917941093445, 0.560756504535675, 0.4505910277366638, 0.458156019449234, 0.5290780067443848, 0.4586288332939148, 0.48463356494903564, 0.4661938548088074, 0.46997636556625366, 0.5432624220848083, 0.5489361882209778, 0.501654863357544, 0.458156019449234, 0.5574468374252319, 0.4661938548088074]",0.5408333539962769,0.48884159326553345,0.5269230604171753,0.5269230604171753,0.5666666030883789,0.45879095792770386,0.4761229314420804,0.2132740020751953
5,100,100,0,35,65,"[0.0, 0.0, 0.0, 0.0, 0.0, 0.0, 0.0, 0.0, 0.0, 0.0, 0.0, 0.0, 0.0, 0.0, 0.0, 0.0, 0.0, 0.0, 0.0, 0.0, 0.0, 0.0, 0.0, 0.0, 0.0, 0.0, 0.0, 0.0, 0.0, 0.0, 0.0, 0.0, 0.0, 0.0, 0.0, 0.0, 0.0, 0.0, 0.0, 0.0, 0.0, 0.0, 0.0, 0.0, 0.0, 0.0, 0.0, 0.0, 0.0, 0.0, 0.0, 0.0, 0.0, 0.0, 0.0, 0.0, 0.0, 0.0, 0.0, 0.0, 0.0, 0.0, 0.0, 0.0, 0.0, 0.0, 0.0, 0.0, 0.0, 0.0, 0.0, 0.0, 0.0, 0.0, 0.0, 0.0, 0.0, 0.0, 0.0, 0.0, 0.0, 0.0, 0.0, 0.0, 0.0, 0.0, 0.0, 0.0, 0.0, 0.0, 0.0, 0.0, 0.0, 0.0, 0.0, 0.0, 0.0, 0.0, 0.0, 0.0]","[0.6916357278823853, 0.6910057067871094, 0.6913691759109497, 0.696510374546051, 0.6982314586639404, 0.6785801649093628, 0.6969518661499023, 0.687500536441803, 0.679977297782898, 0.6824295520782471, 0.699835479259491, 0.6886104345321655, 0.6956146955490112, 0.6907901763916016, 0.6804940104484558, 0.68620765209198, 0.6821702718734741, 0.6929326057434082, 0.7016964554786682, 0.6842464208602905, 0.6775559186935425, 0.6921384334564209, 0.6939168572425842, 0.6833904981613159, 0.6831052303314209, 0.6832493543624878, 0.6891559362411499, 0.6814689636230469, 0.684553861618042, 0.6826729774475098, 0.7052290439605713, 0.6778367757797241, 0.6850609183311462, 0.7027829885482788, 0.6903055906295776, 0.6908608675003052, 0.6897795796394348, 0.6837055683135986, 0.6989753246307373, 0.7018707990646362, 0.6882709264755249, 0.6973192691802979, 0.6811356544494629, 0.6874043941497803, 0.693178653717041, 0.7005516290664673, 0.7026288509368896, 0.6833142638206482, 0.6944026947021484, 0.7008888721466064, 0.6928800940513611, 0.6819214820861816, 0.6994248032569885, 0.6887159943580627, 0.6865006685256958, 0.6965833902359009, 0.6920483112335205, 0.6765931844711304, 0.7000585198402405, 0.69898521900177, 0.6940648555755615, 0.6967340707778931, 0.692399263381958, 0.6855659484863281, 0.6955735087394714, 0.7036552429199219, 0.6851432919502258, 0.6891777515411377, 0.6924597024917603, 0.6852953433990479, 0.6923651695251465, 0.6904104948043823, 0.6896505355834961, 0.6910489797592163, 0.6792467832565308, 0.6888939142227173, 0.6852703094482422, 0.6851694583892822, 0.6938432455062866, 0.6933680772781372, 0.6906462907791138, 0.6795258522033691, 0.6911681294441223, 0.6814308166503906, 0.6969280242919922, 0.6897602081298828, 0.6795406341552734, 0.6825260519981384, 0.6975036263465881, 0.6953331232070923, 0.6971810460090637, 0.6868866682052612, 0.690386176109314, 0.6841621398925781, 0.6849650740623474, 0.6993770599365234, 0.6779897809028625, 0.6854420900344849, 0.6906625032424927, 0.6975088119506836]",0,set(),"[0.8333333134651184, 0.3333333432674408, 0.5833333134651184, 0.6666666865348816, 0.5, 0.75, 0.5833333134651184, 0.6666666865348816, 0.8333333134651184, 0.6666666865348816, 0.5, 0.4166666567325592, 0.3333333432674408, 0.5, 0.6666666865348816, 0.5833333134651184, 0.6666666865348816, 0.6666666865348816, 0.3333333432674408, 0.75, 0.75, 0.6666666865348816, 0.4166666567325592, 0.6666666865348816, 0.5833333134651184, 0.5833333134651184, 0.5, 0.5833333134651184, 0.5833333134651184, 0.5833333134651184, 0.25, 0.75, 0.5, 0.3333333432674408, 0.4166666567325592, 0.5833333134651184, 0.5833333134651184, 0.5833333134651184, 0.4166666567325592, 0.5, 0.5833333134651184, 0.6666666865348816, 0.75, 0.5833333134651184, 0.8333333134651184, 0.5, 0.3333333432674408, 0.5833333134651184, 0.75, 0.5833333134651184, 0.75, 0.5833333134651184, 0.5, 0.5833333134651184, 0.5833333134651184, 0.6666666865348816, 0.5833333134651184, 0.6666666865348816, 0.4166666567325592, 0.5, 0.5833333134651184, 0.5833333134651184, 0.3333333432674408, 0.4166666567325592, 0.5833333134651184, 0.3333333432674408, 0.5833333134651184, 0.4166666567325592, 0.5, 0.5, 0.4166666567325592, 0.4166666567325592, 0.3333333432674408, 0.5, 0.75, 0.5, 0.5833333134651184, 0.75, 0.6666666865348816, 0.6666666865348816, 0.3333333432674408, 0.75, 0.3333333432674408, 0.5833333134651184, 0.5833333134651184, 0.8333333134651184, 0.75, 0.5833333134651184, 0.5833333134651184, 0.5833333134651184, 0.3333333432674408, 0.5, 0.4166666567325592, 0.5833333134651184, 0.5833333134651184, 0.5, 0.75, 0.4166666567325592, 0.3333333432674408, 0.5833333134651184]","[0.46335697174072266, 0.5588652491569519, 0.5555555820465088, 0.4591016471385956, 0.4619385302066803, 0.47375887632369995, 0.464775413274765, 0.5550827383995056, 0.49503546953201294, 0.479432612657547, 0.4614657163619995, 0.5323877334594727, 0.5664302706718445, 0.5456264615058899, 0.4756501317024231, 0.48132386803627014, 0.48463356494903564, 0.46335697174072266, 0.46713948249816895, 0.49739953875541687, 0.4680851101875305, 0.46430259943008423, 0.5777778029441833, 0.4680851101875305, 0.5021276473999023, 0.49881798028945923, 0.5479905605316162, 0.4827423095703125, 0.4756501317024231, 0.48416075110435486, 0.49172577261924744, 0.46666666865348816, 0.5262411236763, 0.4624113440513611, 0.5200945734977722, 0.560756504535675, 0.567375898361206, 0.49408984184265137, 0.47423169016838074, 0.46004727482795715, 0.5513002276420593, 0.46052008867263794, 0.47328606247901917, 0.5262411236763, 0.4624113440513611, 0.46382978558540344, 0.4747045040130615, 0.47706854343414307, 0.46335697174072266, 0.4624113440513611, 0.46288415789604187, 0.47659575939178467, 0.45957446098327637, 0.5560283660888672, 0.5238770842552185, 0.46335697174072266, 0.5692671537399292, 0.47706854343414307, 0.46288415789604187, 0.4652482271194458, 0.4609929025173187, 0.4624113440513611, 0.5446808338165283, 0.5276595950126648, 0.4609929025173187, 0.4723404347896576, 0.5153664350509644, 0.5527186989784241, 0.5229314565658569, 0.5096926689147949, 0.5234042406082153, 0.5664302706718445, 0.5342789888381958, 0.5569739937782288, 0.46666666865348816, 0.5484633445739746, 0.5191489458084106, 0.5352245569229126, 0.4614657163619995, 0.46335697174072266, 0.5465720891952515, 0.4827423095703125, 0.5333333611488342, 0.4936170279979706, 0.4609929025173187, 0.4624113440513611, 0.4728132486343384, 0.47706854343414307, 0.4591016471385956, 0.4614657163619995, 0.5683215260505676, 0.5371158123016357, 0.5262411236763, 0.5063830018043518, 0.4997636079788208, 0.46004727482795715, 0.4784869849681854, 0.5148935914039612, 0.5290780067443848, 0.46288415789604187]",0.5600000619888306,0.4980614483356476,0.5564101934432983,0.5564101934432983,0.5666666030883789,0.4641000032424927,0.48274231678486995,0.20938825607299805
6,100,100,0,29,71,"[0.0, 0.0, 0.0, 0.0, 0.0, 0.0, 0.0, 0.0, 0.0, 0.0, 0.0, 0.0, 0.0, 0.0, 0.0, 0.0, 0.0, 0.0, 0.0, 0.0, 0.0, 0.0, 0.0, 0.0, 0.0, 0.0, 0.0, 0.0, 0.0, 0.0, 0.0, 0.0, 0.0, 0.0, 0.0, 0.0, 0.0, 0.0, 0.0, 0.0, 0.0, 0.0, 0.0, 0.0, 0.0, 0.0, 0.0, 0.0, 0.0, 0.0, 0.0, 0.0, 0.0, 0.0, 0.0, 0.0, 0.0, 0.0, 0.0, 0.0, 0.0, 0.0, 0.0, 0.0, 0.0, 0.0, 0.0, 0.0, 0.0, 0.0, 0.0, 0.0, 0.0, 0.0, 0.0, 0.0, 0.0, 0.0, 0.0, 0.0, 0.0, 0.0, 0.0, 0.0, 0.0, 0.0, 0.0, 0.0, 0.0, 0.0, 0.0, 0.0, 0.0, 0.0, 0.0, 0.0, 0.0, 0.0, 0.0, 0.0]","[0.6852074861526489, 0.6878291368484497, 0.7000744342803955, 0.6850635409355164, 0.6836331486701965, 0.691820502281189, 0.6842658519744873, 0.6882579326629639, 0.6870447397232056, 0.6925331354141235, 0.688713550567627, 0.6913286447525024, 0.6893560290336609, 0.688867449760437, 0.6849524974822998, 0.690007209777832, 0.6926978230476379, 0.6913152933120728, 0.7010049819946289, 0.6919087171554565, 0.6819601058959961, 0.6938986778259277, 0.6882864832878113, 0.6802494525909424, 0.6843069195747375, 0.6815319657325745, 0.6844429969787598, 0.6799687147140503, 0.6793288588523865, 0.6778874397277832, 0.6983477473258972, 0.6818240284919739, 0.6896977424621582, 0.6892385482788086, 0.6983640193939209, 0.6886969804763794, 0.6976205110549927, 0.6976693868637085, 0.695968747138977, 0.69598388671875, 0.681696891784668, 0.6769648194313049, 0.6891477108001709, 0.7025871276855469, 0.6839739084243774, 0.6951582431793213, 0.6918132305145264, 0.6975868940353394, 0.6786831021308899, 0.6848611831665039, 0.6975377798080444, 0.6916976571083069, 0.6864386796951294, 0.6915652751922607, 0.677393913269043, 0.6750544309616089, 0.6884177923202515, 0.6976776123046875, 0.6950236558914185, 0.6804472208023071, 0.6896077394485474, 0.6808478832244873, 0.6823016405105591, 0.7010253667831421, 0.698009729385376, 0.6803233623504639, 0.6952082514762878, 0.6978498697280884, 0.6850745677947998, 0.6879985332489014, 0.6807798743247986, 0.6928392052650452, 0.7054719924926758, 0.6902345418930054, 0.6851590871810913, 0.6804217100143433, 0.6753283143043518, 0.691443681716919, 0.7037220001220703, 0.7045258283615112, 0.6772838830947876, 0.6900804042816162, 0.6920005083084106, 0.6857336759567261, 0.6896165609359741, 0.699527382850647, 0.6781562566757202, 0.6781793832778931, 0.6800504922866821, 0.6768075227737427, 0.6916157007217407, 0.6911989450454712, 0.6928911209106445, 0.6996585130691528, 0.6810601949691772, 0.6910715103149414, 0.6844170093536377, 0.6840377449989319, 0.6794624328613281, 0.6822918653488159]",0,set(),"[0.5, 0.5833333134651184, 0.4166666567325592, 0.6666666865348816, 0.5833333134651184, 0.4166666567325592, 0.5833333134651184, 0.5, 0.5, 0.75, 0.6666666865348816, 0.5, 0.8333333134651184, 0.5833333134651184, 0.5833333134651184, 0.5, 0.75, 0.5, 0.4166666567325592, 0.4166666567325592, 0.6666666865348816, 0.8333333134651184, 0.5, 0.5833333134651184, 0.5833333134651184, 0.5, 0.5833333134651184, 0.5833333134651184, 0.6666666865348816, 0.6666666865348816, 0.5, 0.6666666865348816, 0.6666666865348816, 0.5, 0.5, 0.4166666567325592, 0.5833333134651184, 0.6666666865348816, 0.6666666865348816, 0.5833333134651184, 0.6666666865348816, 0.75, 0.5833333134651184, 0.4166666567325592, 0.5833333134651184, 0.6666666865348816, 0.4166666567325592, 0.5, 0.6666666865348816, 0.5833333134651184, 0.5833333134651184, 0.5, 0.5833333134651184, 0.75, 0.75, 0.75, 0.6666666865348816, 0.5, 0.4166666567325592, 0.5833333134651184, 0.5833333134651184, 0.75, 0.5833333134651184, 0.5, 0.6666666865348816, 0.5833333134651184, 0.6666666865348816, 0.5833333134651184, 0.6666666865348816, 0.5, 0.75, 0.6666666865348816, 0.3333333432674408, 0.5, 0.5833333134651184, 0.5833333134651184, 0.75, 0.5, 0.3333333432674408, 0.3333333432674408, 0.6666666865348816, 0.3333333432674408, 0.75, 0.6666666865348816, 0.4166666567325592, 0.5, 0.75, 0.6666666865348816, 0.6666666865348816, 0.6666666865348816, 0.5, 0.5, 0.3333333432674408, 0.5833333134651184, 0.75, 0.5, 0.6666666865348816, 0.5, 0.6666666865348816, 0.75]","[0.5191489458084106, 0.5645390152931213, 0.4718676209449768, 0.5087470412254333, 0.5167848467826843, 0.5602836608886719, 0.5200945734977722, 0.5650117993354797, 0.5309692621231079, 0.46382978558540344, 0.5489361882209778, 0.5791962146759033, 0.464775413274765, 0.5342789888381958, 0.5517730712890625, 0.5617021322250366, 0.46335697174072266, 0.5716311931610107, 0.47044917941093445, 0.5872340202331543, 0.4799054265022278, 0.46382978558540344, 0.5768321752548218, 0.508274257183075, 0.5087470412254333, 0.5191489458084106, 0.5527186989784241, 0.49172577261924744, 0.46997636556625366, 0.48085105419158936, 0.471394807100296, 0.49834516644477844, 0.5895981192588806, 0.5574468374252319, 0.47328606247901917, 0.5612292885780334, 0.4652482271194458, 0.46382978558540344, 0.4657210409641266, 0.4657210409641266, 0.4903073310852051, 0.4680851101875305, 0.5352245569229126, 0.4836879372596741, 0.5300236344337463, 0.4661938548088074, 0.5267139673233032, 0.47044917941093445, 0.47801417112350464, 0.5484633445739746, 0.464775413274765, 0.5825058817863464, 0.5404255390167236, 0.46430259943008423, 0.4903073310852051, 0.48132386803627014, 0.5612292885780334, 0.46713948249816895, 0.601891279220581, 0.4931442141532898, 0.5796690583229065, 0.5295508503913879, 0.4969267249107361, 0.46761229634284973, 0.46335697174072266, 0.5219858288764954, 0.4652482271194458, 0.464775413274765, 0.5319148898124695, 0.5115839242935181, 0.4756501317024231, 0.46382978558540344, 0.4661938548088074, 0.583451509475708, 0.4898345172405243, 0.49456265568733215, 0.47092199325561523, 0.590070903301239, 0.4751773178577423, 0.46997636556625366, 0.4869976341724396, 0.562174916267395, 0.46430259943008423, 0.5309692621231079, 0.5385342836380005, 0.4728132486343384, 0.47092199325561523, 0.47659575939178467, 0.4832151234149933, 0.4822694957256317, 0.5371158123016357, 0.5919621586799622, 0.5598108768463135, 0.4728132486343384, 0.4827423095703125, 0.5460993051528931, 0.48416075110435486, 0.5238770842552185, 0.5111111402511597, 0.5191489458084106]",0.5833333730697632,0.5097257494926453,0.5845070481300354,0.5845070481300354,0.5804597735404968,0.4677916467189789,0.4945626477541371,0.11237001419067383
7,100,100,0,22,78,"[0.0, 0.0, 0.0, 0.0, 0.0, 0.0, 0.0, 0.0, 0.0, 0.0, 0.0, 0.0, 0.0, 0.0, 0.0, 0.0, 0.0, 0.0, 0.0, 0.0, 0.0, 0.0, 0.0, 0.0, 0.0, 0.0, 0.0, 0.0, 0.0, 0.0, 0.0, 0.0, 0.0, 0.0, 0.0, 0.0, 0.0, 0.0, 0.0, 0.0, 0.0, 0.0, 0.0, 0.0, 0.0, 0.0, 0.0, 0.0, 0.0, 0.0, 0.0, 0.0, 0.0, 0.0, 0.0, 0.0, 0.0, 0.0, 0.0, 0.0, 0.0, 0.0, 0.0, 0.0, 0.0, 0.0, 0.0, 0.0, 0.0, 0.0, 0.0, 0.0, 0.0, 0.0, 0.0, 0.0, 0.0, 0.0, 0.0, 0.0, 0.0, 0.0, 0.0, 0.0, 0.0, 0.0, 0.0, 0.0, 0.0, 0.0, 0.0, 0.0, 0.0, 0.0, 0.0, 0.0, 0.0, 0.0, 0.0, 0.0]","[0.7033385038375854, 0.6885154247283936, 0.7006617784500122, 0.6891095638275146, 0.6808023452758789, 0.6864006519317627, 0.7016783952713013, 0.6790639162063599, 0.7038668394088745, 0.6782772541046143, 0.6796244382858276, 0.6831018924713135, 0.6782490611076355, 0.6842472553253174, 0.689787745475769, 0.6868627071380615, 0.6808264255523682, 0.6945291757583618, 0.6805539131164551, 0.6764059066772461, 0.6800054311752319, 0.695580780506134, 0.6907331943511963, 0.6864038109779358, 0.6993721723556519, 0.6772778034210205, 0.6825433969497681, 0.6999046206474304, 0.6879422664642334, 0.6872059106826782, 0.7018808126449585, 0.6872141361236572, 0.707044780254364, 0.6817553043365479, 0.7055762410163879, 0.6952403783798218, 0.6826408505439758, 0.6963300704956055, 0.6876700520515442, 0.682893693447113, 0.6843288540840149, 0.6875724792480469, 0.6834201216697693, 0.678460955619812, 0.6851591467857361, 0.6876213550567627, 0.6955699920654297, 0.6970397233963013, 0.685608983039856, 0.692272424697876, 0.674976110458374, 0.6981275081634521, 0.6943955421447754, 0.6797950863838196, 0.6967955827713013, 0.6753768920898438, 0.6808798313140869, 0.682634174823761, 0.6778709888458252, 0.6816391944885254, 0.6916043758392334, 0.6819174289703369, 0.6988139152526855, 0.6880171298980713, 0.6785266995429993, 0.6795789003372192, 0.692179262638092, 0.7068819999694824, 0.6893397569656372, 0.6821351051330566, 0.6846879124641418, 0.7021300792694092, 0.6866450309753418, 0.6849344968795776, 0.6832307577133179, 0.6820662617683411, 0.6873255968093872, 0.6993112564086914, 0.677955150604248, 0.6850107312202454, 0.6854554414749146, 0.6733402013778687, 0.6788694858551025, 0.6933010816574097, 0.6927781105041504, 0.6831578612327576, 0.6835616230964661, 0.6893941164016724, 0.6900644302368164, 0.6831974983215332, 0.6860746145248413, 0.6798229217529297, 0.6818915605545044, 0.6838570833206177, 0.6852362155914307, 0.6906958818435669, 0.6913971900939941, 0.6877068877220154, 0.6845951676368713, 0.6913132071495056]",0,set(),"[0.3333333432674408, 0.5833333134651184, 0.5833333134651184, 0.4166666567325592, 0.5, 0.5, 0.5, 0.6666666865348816, 0.4166666567325592, 0.6666666865348816, 0.5833333134651184, 0.5833333134651184, 0.75, 0.5833333134651184, 0.5833333134651184, 0.5, 0.5833333134651184, 0.5, 0.6666666865348816, 0.6666666865348816, 0.5, 0.6666666865348816, 0.5, 0.5, 0.5833333134651184, 0.75, 0.5833333134651184, 0.5, 0.5833333134651184, 0.5833333134651184, 0.5, 0.6666666865348816, 0.3333333432674408, 0.5833333134651184, 0.3333333432674408, 0.5, 0.5, 0.6666666865348816, 0.5, 0.8333333134651184, 0.5, 0.75, 0.5833333134651184, 0.6666666865348816, 0.6666666865348816, 0.5833333134651184, 0.5833333134651184, 0.6666666865348816, 0.4166666567325592, 0.6666666865348816, 0.75, 0.5, 0.6666666865348816, 0.6666666865348816, 0.5833333134651184, 0.75, 0.5833333134651184, 0.5, 0.6666666865348816, 0.6666666865348816, 0.3333333432674408, 0.75, 0.5, 0.6666666865348816, 0.6666666865348816, 0.6666666865348816, 0.5833333134651184, 0.3333333432674408, 0.5, 0.5833333134651184, 0.5833333134651184, 0.5, 0.5833333134651184, 0.6666666865348816, 0.5833333134651184, 0.5833333134651184, 0.5, 0.6666666865348816, 0.6666666865348816, 0.6666666865348816, 0.6666666865348816, 0.75, 0.5833333134651184, 0.5, 0.75, 0.6666666865348816, 0.6666666865348816, 0.4166666567325592, 0.4166666567325592, 0.5833333134651184, 0.6666666865348816, 0.5833333134651184, 0.6666666865348816, 0.6666666865348816, 0.5, 0.4166666567325592, 0.5833333134651184, 0.5833333134651184, 0.5, 0.8333333134651184]","[0.5026004910469055, 0.5333333611488342, 0.46713948249816895, 0.5990543961524963, 0.5404255390167236, 0.5593380331993103, 0.46713948249816895, 0.48841607570648193, 0.49929079413414, 0.5304964780807495, 0.5125295519828796, 0.5252954959869385, 0.4903073310852051, 0.562174916267395, 0.6160756349563599, 0.5877068638801575, 0.5011820197105408, 0.6269503831863403, 0.5399526953697205, 0.4865248203277588, 0.5347517728805542, 0.4661938548088074, 0.6127659678459167, 0.5281323790550232, 0.46713948249816895, 0.4869976341724396, 0.5210402011871338, 0.4728132486343384, 0.6075649857521057, 0.5394799113273621, 0.4756501317024231, 0.6014184355735779, 0.5167848467826843, 0.5210402011871338, 0.49929079413414, 0.6269503831863403, 0.5229314565658569, 0.464775413274765, 0.5111111402511597, 0.5725768208503723, 0.5858156085014343, 0.6028369069099426, 0.5087470412254333, 0.5243498682975769, 0.5867612361907959, 0.5872340202331543, 0.4695035517215729, 0.46430259943008423, 0.5905437469482422, 0.6212766170501709, 0.4784869849681854, 0.47801417112350464, 0.4652482271194458, 0.4898345172405243, 0.46997636556625366, 0.4761229455471039, 0.4936170279979706, 0.547517716884613, 0.4756501317024231, 0.5182033181190491, 0.6189125180244446, 0.5271867513656616, 0.4747045040130615, 0.604728102684021, 0.5026004910469055, 0.5290780067443848, 0.6283687949180603, 0.4718676209449768, 0.5853427648544312, 0.5399526953697205, 0.508274257183075, 0.47092199325561523, 0.5565012097358704, 0.5706855654716492, 0.5404255390167236, 0.5338061451911926, 0.5569739937782288, 0.4652482271194458, 0.49929079413414, 0.5697399377822876, 0.5418439507484436, 0.4931442141532898, 0.5182033181190491, 0.5796690583229065, 0.464775413274765, 0.5021276473999023, 0.5210402011871338, 0.5839243531227112, 0.6189125180244446, 0.49739953875541687, 0.5768321752548218, 0.519621729850769, 0.5385342836380005, 0.5815602540969849, 0.5385342836380005, 0.5446808338165283, 0.6184397339820862, 0.5777778029441833, 0.5361701846122742, 0.46430259943008423]",0.5833333730697632,0.5319148898124695,0.5940171480178833,0.5940171480178833,0.5454545021057129,0.47534921765327454,0.5210401891252955,0.21827340126037598
8,100,100,0,23,77,"[0.0, 0.0, 0.0, 0.0, 0.0, 0.0, 0.0, 0.0, 0.0, 0.0, 0.0, 0.0, 0.0, 0.0, 0.0, 0.0, 0.0, 0.0, 0.0, 0.0, 0.0, 0.0, 0.0, 0.0, 0.0, 0.0, 0.0, 0.0, 0.0, 0.0, 0.0, 0.0, 0.0, 0.0, 0.0, 0.0, 0.0, 0.0, 0.0, 0.0, 0.0, 0.0, 0.0, 0.0, 0.0, 0.0, 0.0, 0.0, 0.0, 0.0, 0.0, 0.0, 0.0, 0.0, 0.0, 0.0, 0.0, 0.0, 0.0, 0.0, 0.0, 0.0, 0.0, 0.0, 0.0, 0.0, 0.0, 0.0, 0.0, 0.0, 0.0, 0.0, 0.0, 0.0, 0.0, 0.0, 0.0, 0.0, 0.0, 0.0, 0.0, 0.0, 0.0, 0.0, 0.0, 0.0, 0.0, 0.0, 0.0, 0.0, 0.0, 0.0, 0.0, 0.0, 0.0, 0.0, 0.0, 0.0, 0.0, 0.0]","[0.6939563751220703, 0.6862317323684692, 0.6786584854125977, 0.6997798681259155, 0.6990752220153809, 0.6881691217422485, 0.7011200785636902, 0.6873651742935181, 0.6765859127044678, 0.6873420476913452, 0.6961055994033813, 0.6835687756538391, 0.6866710782051086, 0.6860328316688538, 0.704276442527771, 0.6812319755554199, 0.6799553632736206, 0.6887396574020386, 0.6849740743637085, 0.6813133955001831, 0.6763168573379517, 0.682129979133606, 0.688022255897522, 0.6839694976806641, 0.6803992986679077, 0.685404896736145, 0.6851797699928284, 0.684023380279541, 0.6795533895492554, 0.6862634420394897, 0.7047168612480164, 0.6919817924499512, 0.702006995677948, 0.7068029046058655, 0.6980888843536377, 0.680060863494873, 0.6787095665931702, 0.6754744052886963, 0.690388560295105, 0.6894495487213135, 0.6809148788452148, 0.6768248081207275, 0.6769936680793762, 0.6970650553703308, 0.6878422498703003, 0.6824333667755127, 0.6794965267181396, 0.6963918209075928, 0.6846468448638916, 0.6974669694900513, 0.6722733974456787, 0.6990163326263428, 0.677889347076416, 0.6717251539230347, 0.6818130016326904, 0.6865761280059814, 0.6831157803535461, 0.6874966621398926, 0.6884046792984009, 0.6828460693359375, 0.6793975830078125, 0.6894004344940186, 0.6894445419311523, 0.6751859188079834, 0.7033460736274719, 0.6847501397132874, 0.7036547660827637, 0.6894559860229492, 0.7060871124267578, 0.7099776864051819, 0.6719881296157837, 0.6800380945205688, 0.6837682127952576, 0.6740424633026123, 0.6758639812469482, 0.6727733612060547, 0.6770177483558655, 0.6822352409362793, 0.6865109205245972, 0.7161064147949219, 0.6741107702255249, 0.7010065913200378, 0.687808632850647, 0.7036952972412109, 0.6861321926116943, 0.6998180747032166, 0.6870896220207214, 0.6853557825088501, 0.670828104019165, 0.6944681406021118, 0.695602297782898, 0.6727151870727539, 0.6835297346115112, 0.6866322755813599, 0.6823364496231079, 0.686503529548645, 0.6927908658981323, 0.6840769052505493, 0.6935584545135498, 0.6792427897453308]",0,set(),"[0.4166666567325592, 0.5833333134651184, 0.6666666865348816, 0.5, 0.6666666865348816, 0.4166666567325592, 0.5833333134651184, 0.5, 0.75, 0.5833333134651184, 0.5833333134651184, 0.5, 0.5, 0.5, 0.4166666567325592, 0.5, 0.5833333134651184, 0.5833333134651184, 0.5, 0.6666666865348816, 0.6666666865348816, 0.6666666865348816, 0.4166666567325592, 0.6666666865348816, 0.5833333134651184, 0.5833333134651184, 0.4166666567325592, 0.6666666865348816, 0.5833333134651184, 0.75, 0.5, 0.75, 0.4166666567325592, 0.4166666567325592, 0.5833333134651184, 0.6666666865348816, 0.75, 0.75, 0.5, 0.6666666865348816, 0.5, 0.6666666865348816, 0.6666666865348816, 0.75, 0.5, 0.75, 0.75, 0.6666666865348816, 0.5, 0.6666666865348816, 0.75, 0.6666666865348816, 0.5833333134651184, 0.6666666865348816, 0.5, 0.6666666865348816, 0.5833333134651184, 0.6666666865348816, 0.5, 0.5833333134651184, 0.5, 0.5833333134651184, 0.4166666567325592, 0.75, 0.4166666567325592, 0.5, 0.5, 0.4166666567325592, 0.3333333432674408, 0.25, 0.9166666865348816, 0.6666666865348816, 0.5, 0.75, 0.6666666865348816, 0.8333333134651184, 0.8333333134651184, 0.6666666865348816, 0.75, 0.0833333358168602, 0.75, 0.6666666865348816, 0.5, 0.3333333432674408, 0.5833333134651184, 0.5, 0.5833333134651184, 0.5, 0.8333333134651184, 0.5, 0.6666666865348816, 0.75, 0.5833333134651184, 0.5833333134651184, 0.6666666865348816, 0.4166666567325592, 0.6666666865348816, 0.6666666865348816, 0.5, 0.6666666865348816]","[0.6472813487052917, 0.6250591278076172, 0.5489361882209778, 0.4784869849681854, 0.46666666865348816, 0.6359338164329529, 0.47706854343414307, 0.651063859462738, 0.5101655125617981, 0.6420803666114807, 0.47706854343414307, 0.5309692621231079, 0.6094562411308289, 0.5985815525054932, 0.5243498682975769, 0.5853427648544312, 0.5664302706718445, 0.6070922017097473, 0.5565012097358704, 0.5531914830207825, 0.5531914830207825, 0.5725768208503723, 0.6255319118499756, 0.6293144226074219, 0.5773049592971802, 0.601891279220581, 0.6274231672286987, 0.5914893746376038, 0.5399526953697205, 0.637825071811676, 0.4855791926383972, 0.4661938548088074, 0.5158392190933228, 0.49408984184265137, 0.479432612657547, 0.5432624220848083, 0.5456264615058899, 0.5390070676803589, 0.6397163271903992, 0.6269503831863403, 0.554137110710144, 0.5711584091186523, 0.5418439507484436, 0.4661938548088074, 0.6241135001182556, 0.5390070676803589, 0.5768321752548218, 0.4680851101875305, 0.5829787254333496, 0.46713948249816895, 0.5106382966041565, 0.46713948249816895, 0.5295508503913879, 0.5432624220848083, 0.5976359248161316, 0.6406619548797607, 0.6236406564712524, 0.6293144226074219, 0.6297872066497803, 0.6089834570884705, 0.5579196214675903, 0.6477541327476501, 0.5919621586799622, 0.5451536774635315, 0.513002336025238, 0.5957446694374084, 0.49739953875541687, 0.6118203401565552, 0.5182033181190491, 0.5319148898124695, 0.5163120627403259, 0.5640661716461182, 0.5574468374252319, 0.48085105419158936, 0.5205673575401306, 0.5120567083358765, 0.5276595950126648, 0.5565012097358704, 0.604728102684021, 0.6023640632629395, 0.5352245569229126, 0.46666666865348816, 0.6080378293991089, 0.5361701846122742, 0.6241135001182556, 0.5106382966041565, 0.6397163271903992, 0.6070922017097473, 0.471394807100296, 0.6661938428878784, 0.46761229634284973, 0.5224586129188538, 0.6037825345993042, 0.6307328343391418, 0.6160756349563599, 0.5829787254333496, 0.66713947057724, 0.5763593316078186, 0.6633569598197937, 0.5877068638801575]",0.5883333086967468,0.5639290809631348,0.6093073487281799,0.6093073487281799,0.5181159377098083,0.4946654736995697,0.5541371158392435,0.20940494537353516
9,100,100,0,36,64,"[0.0, 0.0, 0.0, 0.0, 0.0, 0.0, 0.0, 0.0, 0.0, 0.0, 0.0, 0.0, 0.0, 0.0, 0.0, 0.0, 0.0, 0.0, 0.0, 0.0, 0.0, 0.0, 0.0, 0.0, 0.0, 0.0, 0.0, 0.0, 0.0, 0.0, 0.0, 0.0, 0.0, 0.0, 0.0, 0.0, 0.0, 0.0, 0.0, 0.0, 0.0, 0.0, 0.0, 0.0, 0.0, 0.0, 0.0, 0.0, 0.0, 0.0, 0.0, 0.0, 0.0, 0.0, 0.0, 0.0, 0.0, 0.0, 0.0, 0.0, 0.0, 0.0, 0.0, 0.0, 0.0, 0.0, 0.0, 0.0, 0.0, 0.0, 0.0, 0.0, 0.0, 0.0, 0.0, 0.0, 0.0, 0.0, 0.0, 0.0, 0.0, 0.0, 0.0, 0.0, 0.0, 0.0, 0.0, 0.0, 0.0, 0.0, 0.0, 0.0, 0.0, 0.0, 0.0, 0.0, 0.0, 0.0, 0.0, 0.0]","[0.705302894115448, 0.6868212223052979, 0.6840130686759949, 0.688948392868042, 0.6860328912734985, 0.6865895986557007, 0.7021201848983765, 0.6877105236053467, 0.6744372844696045, 0.7033072710037231, 0.6823128461837769, 0.6755346059799194, 0.7069766521453857, 0.673884391784668, 0.6818311214447021, 0.7054233551025391, 0.6713323593139648, 0.6984338164329529, 0.705021858215332, 0.6751768589019775, 0.6860674619674683, 0.7028051614761353, 0.6837009191513062, 0.7060882449150085, 0.6803113222122192, 0.6833503842353821, 0.687250554561615, 0.7041985988616943, 0.6797084808349609, 0.6853659152984619, 0.6824571490287781, 0.6772549152374268, 0.6803886294364929, 0.7021265029907227, 0.6764348149299622, 0.6813989877700806, 0.6973493099212646, 0.7010061740875244, 0.6991550326347351, 0.6802034378051758, 0.702826738357544, 0.7117353677749634, 0.6795583963394165, 0.686562716960907, 0.7000479698181152, 0.6869032382965088, 0.67893385887146, 0.699600100517273, 0.6817049980163574, 0.6861014366149902, 0.7049360275268555, 0.6891684532165527, 0.6683975458145142, 0.6844379901885986, 0.7053462266921997, 0.7126181125640869, 0.6964301466941833, 0.675064206123352, 0.6977887153625488, 0.6770006418228149, 0.6886465549468994, 0.6780551075935364, 0.6769096851348877, 0.703567624092102, 0.7026399970054626, 0.6830390691757202, 0.6821289658546448, 0.6838202476501465, 0.6892229318618774, 0.6994947195053101, 0.6902718544006348, 0.680176854133606, 0.6853220462799072, 0.6818174123764038, 0.6867838501930237, 0.6860630512237549, 0.687381386756897, 0.6819136738777161, 0.7016751766204834, 0.6880731582641602, 0.7070480585098267, 0.6792671084403992, 0.6739513874053955, 0.6827254295349121, 0.7089687585830688, 0.6805019974708557, 0.6835556030273438, 0.6853091716766357, 0.7044585347175598, 0.7068500518798828, 0.6873908042907715, 0.7021945714950562, 0.6735879182815552, 0.682995080947876, 0.6788592338562012, 0.6957777142524719, 0.7024477124214172, 0.7203835248947144, 0.6786859035491943, 0.7053872346878052]",0,set(),"[0.5, 0.4166666567325592, 0.6666666865348816, 0.3333333432674408, 0.75, 0.75, 0.4166666567325592, 0.6666666865348816, 0.8333333134651184, 0.5, 0.5833333134651184, 0.75, 0.25, 0.6666666865348816, 0.75, 0.4166666567325592, 0.75, 0.75, 0.5, 0.75, 0.6666666865348816, 0.4166666567325592, 0.75, 0.4166666567325592, 0.75, 0.6666666865348816, 0.5833333134651184, 0.5833333134651184, 0.75, 0.75, 0.5833333134651184, 0.6666666865348816, 0.6666666865348816, 0.5833333134651184, 0.6666666865348816, 0.6666666865348816, 0.6666666865348816, 0.5833333134651184, 0.6666666865348816, 0.6666666865348816, 0.5, 0.3333333432674408, 0.5833333134651184, 0.5833333134651184, 0.6666666865348816, 0.5833333134651184, 0.5833333134651184, 0.5, 0.5, 0.6666666865348816, 0.5, 0.6666666865348816, 0.8333333134651184, 0.5833333134651184, 0.5, 0.25, 0.5833333134651184, 0.8333333134651184, 0.6666666865348816, 0.5833333134651184, 0.5833333134651184, 0.75, 0.6666666865348816, 0.5833333134651184, 0.5833333134651184, 0.6666666865348816, 0.5833333134651184, 0.75, 0.5, 0.6666666865348816, 0.5833333134651184, 0.75, 0.6666666865348816, 0.6666666865348816, 0.75, 0.5833333134651184, 0.6666666865348816, 0.75, 0.5833333134651184, 0.5833333134651184, 0.4166666567325592, 0.75, 0.8333333134651184, 0.6666666865348816, 0.1666666716337204, 0.5833333134651184, 0.75, 0.5833333134651184, 0.5833333134651184, 0.5, 0.6666666865348816, 0.5, 0.75, 0.6666666865348816, 0.75, 0.8333333134651184, 0.5833333134651184, 0.0, 0.75, 0.4166666567325592]","[0.5215129852294922, 0.660520076751709, 0.6553191542625427, 0.6434988379478455, 0.6832151412963867, 0.6978723406791687, 0.5182033181190491, 0.6955083012580872, 0.5787234306335449, 0.5224586129188538, 0.6416075825691223, 0.583451509475708, 0.5645390152931213, 0.5574468374252319, 0.6420803666114807, 0.5267139673233032, 0.5513002276420593, 0.4799054265022278, 0.5224586129188538, 0.5413711667060852, 0.6728132367134094, 0.5598108768463135, 0.673758864402771, 0.5333333611488342, 0.644444465637207, 0.6345153450965881, 0.6765957474708557, 0.4893617033958435, 0.59527188539505, 0.652482271194458, 0.6132387518882751, 0.5640661716461182, 0.5697399377822876, 0.47754135727882385, 0.5962175130844116, 0.6118203401565552, 0.4784869849681854, 0.486052006483078, 0.47801417112350464, 0.5574468374252319, 0.5167848467826843, 0.554137110710144, 0.6023640632629395, 0.6747044920921326, 0.47375887632369995, 0.6685579419136047, 0.567375898361206, 0.5248227119445801, 0.5877068638801575, 0.6732860803604126, 0.5248227119445801, 0.6983451247215271, 0.5215129852294922, 0.6368794441223145, 0.5115839242935181, 0.6028369069099426, 0.4751773178577423, 0.603309690952301, 0.5002363920211792, 0.6146572232246399, 0.6718676090240479, 0.624586284160614, 0.5300236344337463, 0.49503546953201294, 0.5148935914039612, 0.6921985745429993, 0.6775413751602173, 0.6690307259559631, 0.6841607689857483, 0.47801417112350464, 0.6765957474708557, 0.624586284160614, 0.6865248084068298, 0.6340425610542297, 0.6808510422706604, 0.6085106134414673, 0.66572105884552, 0.6212766170501709, 0.4855791926383972, 0.7011820077896118, 0.5569739937782288, 0.6321513056755066, 0.5385342836380005, 0.6472813487052917, 0.6297872066497803, 0.6042553186416626, 0.6283687949180603, 0.6690307259559631, 0.4936170279979706, 0.5200945734977722, 0.6482269763946533, 0.513002336025238, 0.5801418423652649, 0.6553191542625427, 0.5914893746376038, 0.4718676209449768, 0.5011820197105408, 0.693617045879364, 0.5234042406082153, 0.5219858288764954]",0.6091666221618652,0.5892813205718994,0.66796875,0.66796875,0.5046296119689941,0.5199500918388367,0.5796690307328605,0.1125800609588623
10,100,100,0,28,72,"[0.0, 0.0, 0.0, 0.0, 0.0, 0.0, 0.0, 0.0, 0.0, 0.0, 0.0, 0.0, 0.0, 0.0, 0.0, 0.0, 0.0, 0.0, 0.0, 0.0, 0.0, 0.0, 0.0, 0.0, 0.0, 0.0, 0.0, 0.0, 0.0, 0.0, 0.0, 0.0, 0.0, 0.0, 0.0, 0.0, 0.0, 0.0, 0.0, 0.0, 0.0, 0.0, 0.0, 0.0, 0.0, 0.0, 0.0, 0.0, 0.0, 0.0, 0.0, 0.0, 0.0, 0.0, 0.0, 0.0, 0.0, 0.0, 0.0, 0.0, 0.0, 0.0, 0.0, 0.0, 0.0, 0.0, 0.0, 0.0, 0.0, 0.0, 0.0, 0.0, 0.0, 0.0, 0.0, 0.0, 0.0, 0.0, 0.0, 0.0, 0.0, 0.0, 0.0, 0.0, 0.0, 0.0, 0.0, 0.0, 0.0, 0.0, 0.0, 0.0, 0.0, 0.0, 0.0, 0.0, 0.0, 0.0, 0.0, 0.0]","[0.7057242393493652, 0.6759990453720093, 0.6923171281814575, 0.679673969745636, 0.682136595249176, 0.7004823684692383, 0.6803317070007324, 0.7125658988952637, 0.7094724178314209, 0.6751037836074829, 0.6733647584915161, 0.6782807111740112, 0.6757476925849915, 0.6789191961288452, 0.6840153336524963, 0.6832922697067261, 0.6776995658874512, 0.6868672370910645, 0.70310378074646, 0.6784178018569946, 0.6691172122955322, 0.6756538152694702, 0.6869208812713623, 0.6786972284317017, 0.6774815320968628, 0.6997041702270508, 0.7022504806518555, 0.6825458407402039, 0.7071311473846436, 0.6975849866867065, 0.6989927291870117, 0.7092156410217285, 0.6814250946044922, 0.6788622140884399, 0.6741287708282471, 0.6840724945068359, 0.7062300443649292, 0.6778711080551147, 0.6851707696914673, 0.6789430975914001, 0.678540825843811, 0.6757910251617432, 0.6845564842224121, 0.6713196635246277, 0.6729127168655396, 0.6837455034255981, 0.7229659557342529, 0.6799476146697998, 0.6832784414291382, 0.7045722603797913, 0.6930824518203735, 0.702491044998169, 0.6825215816497803, 0.6752359867095947, 0.678105354309082, 0.6854211091995239, 0.7043114304542542, 0.6844157576560974, 0.6742535829544067, 0.6758090257644653, 0.706676721572876, 0.6750614643096924, 0.7063027620315552, 0.6780036687850952, 0.6710343956947327, 0.6845405101776123, 0.6771688461303711, 0.6801373958587646, 0.6770240068435669, 0.7031806707382202, 0.7008055448532104, 0.6796987056732178, 0.6789454221725464, 0.6765856742858887, 0.6809273958206177, 0.6822738647460938, 0.7107728719711304, 0.688309907913208, 0.6766592264175415, 0.6799962520599365, 0.7105057239532471, 0.6844357252120972, 0.7010003328323364, 0.7071582078933716, 0.6812013983726501, 0.6794692277908325, 0.6738768815994263, 0.6677953004837036, 0.6737427711486816, 0.6705643534660339, 0.6918880939483643, 0.681084394454956, 0.6803548336029053, 0.6965152025222778, 0.6791243553161621, 0.6891301870346069, 0.6986027956008911, 0.7073549032211304, 0.6902118921279907, 0.6807438135147095]",0,set(),"[0.5, 0.75, 0.75, 0.6666666865348816, 0.6666666865348816, 0.6666666865348816, 0.8333333134651184, 0.3333333432674408, 0.25, 0.6666666865348816, 0.5833333134651184, 0.8333333134651184, 0.6666666865348816, 0.8333333134651184, 0.6666666865348816, 0.6666666865348816, 0.5833333134651184, 0.5833333134651184, 0.5833333134651184, 0.75, 0.9166666865348816, 0.75, 0.6666666865348816, 0.75, 0.9166666865348816, 0.5833333134651184, 0.5, 0.5, 0.5, 0.75, 0.75, 0.1666666716337204, 0.5, 0.8333333134651184, 1.0, 0.6666666865348816, 0.3333333432674408, 0.6666666865348816, 0.9166666865348816, 0.8333333134651184, 0.75, 0.6666666865348816, 0.6666666865348816, 0.75, 0.6666666865348816, 0.5, 0.0, 0.6666666865348816, 0.6666666865348816, 0.5, 0.5833333134651184, 0.5, 0.6666666865348816, 0.8333333134651184, 0.6666666865348816, 0.5, 0.4166666567325592, 0.5, 0.8333333134651184, 0.8333333134651184, 0.5, 0.6666666865348816, 0.4166666567325592, 0.75, 0.75, 0.75, 0.6666666865348816, 0.9166666865348816, 0.5833333134651184, 0.5833333134651184, 0.6666666865348816, 0.5833333134651184, 0.75, 0.75, 0.75, 0.5833333134651184, 0.3333333432674408, 0.3333333432674408, 0.6666666865348816, 0.75, 0.25, 0.75, 0.5, 0.4166666567325592, 0.5833333134651184, 0.6666666865348816, 0.75, 0.75, 0.8333333134651184, 0.75, 0.6666666865348816, 0.5, 0.9166666865348816, 0.75, 0.5833333134651184, 0.6666666865348816, 0.6666666865348816, 0.5, 0.6666666865348816, 0.8333333134651184]","[0.5427895784378052, 0.6014184355735779, 0.48085105419158936, 0.6226950287818909, 0.6732860803604126, 0.49929079413414, 0.6283687949180603, 0.5976359248161316, 0.5678486824035645, 0.5957446694374084, 0.6217494010925293, 0.6340425610542297, 0.6132387518882751, 0.6250591278076172, 0.6728132367134094, 0.7049645185470581, 0.588652491569519, 0.7286052107810974, 0.5087470412254333, 0.6676123142242432, 0.5725768208503723, 0.6132387518882751, 0.7248227000236511, 0.6813238859176636, 0.6676123142242432, 0.5267139673233032, 0.5404255390167236, 0.6553191542625427, 0.5295508503913879, 0.4822694957256317, 0.48510637879371643, 0.631205677986145, 0.6349881887435913, 0.6903073191642761, 0.6236406564712524, 0.6973995566368103, 0.6042553186416626, 0.637825071811676, 0.714893639087677, 0.6052009463310242, 0.6236406564712524, 0.6406619548797607, 0.7134751677513123, 0.5267139673233032, 0.5862883925437927, 0.6572104096412659, 0.6586288213729858, 0.6761229038238525, 0.6926714181900024, 0.5423167943954468, 0.7380614876747131, 0.5106382966041565, 0.6307328343391418, 0.6401891112327576, 0.6411347389221191, 0.6973995566368103, 0.5437352061271667, 0.6794326305389404, 0.5635933876037598, 0.611347496509552, 0.501654863357544, 0.6009456515312195, 0.5427895784378052, 0.5451536774635315, 0.5418439507484436, 0.6813238859176636, 0.6302600502967834, 0.6486997604370117, 0.5872340202331543, 0.48794326186180115, 0.4832151234149933, 0.6732860803604126, 0.637825071811676, 0.6066193580627441, 0.6789597868919373, 0.6761229038238525, 0.560756504535675, 0.6794326305389404, 0.6411347389221191, 0.604728102684021, 0.540898323059082, 0.6685579419136047, 0.501654863357544, 0.5853427648544312, 0.6052009463310242, 0.588652491569519, 0.5654846429824829, 0.5669030547142029, 0.6184397339820862, 0.5669030547142029, 0.7352246046066284, 0.6212766170501709, 0.6865248084068298, 0.48085105419158936, 0.5489361882209778, 0.714893639087677, 0.5054373741149902, 0.5276595950126648, 0.7418439984321594, 0.6851063966751099]",0.6424999833106995,0.6113380193710327,0.7025463581085205,0.7025463581085205,0.4880952537059784,0.534650444984436,0.608983451536643,0.20834016799926758
11,100,100,0,36,64,"[0.0, 0.0, 0.0, 0.0, 0.0, 0.0, 0.0, 0.0, 0.0, 0.0, 0.0, 0.0, 0.0, 0.0, 0.0, 0.0, 0.0, 0.0, 0.0, 0.0, 0.0, 0.0, 0.0, 0.0, 0.0, 0.0, 0.0, 0.0, 0.0, 0.0, 0.0, 0.0, 0.0, 0.0, 0.0, 0.0, 0.0, 0.0, 0.0, 0.0, 0.0, 0.0, 0.0, 0.0, 0.0, 0.0, 0.0, 0.0, 0.0, 0.0, 0.0, 0.0, 0.0, 0.0, 0.0, 0.0, 0.0, 0.0, 0.0, 0.0, 0.0, 0.0, 0.0, 0.0, 0.0, 0.0, 0.0, 0.0, 0.0, 0.0, 0.0, 0.0, 0.0, 0.0, 0.0, 0.0, 0.0, 0.0, 0.0, 0.0, 0.0, 0.0, 0.0, 0.0, 0.0, 0.0, 0.0, 0.0, 0.0, 0.0, 0.0, 0.0, 0.0, 0.0, 0.0, 0.0, 0.0, 0.0, 0.0, 0.0]","[0.680168628692627, 0.7042229175567627, 0.67357337474823, 0.6775472164154053, 0.7012187242507935, 0.7123748064041138, 0.6860922574996948, 0.6712599992752075, 0.6829378604888916, 0.6760987639427185, 0.7049763202667236, 0.6806591749191284, 0.6886212825775146, 0.7121890783309937, 0.6860252618789673, 0.7055649757385254, 0.6825236082077026, 0.7088571786880493, 0.6835137605667114, 0.6679363250732422, 0.6751012802124023, 0.7125297784805298, 0.6893820762634277, 0.6963071227073669, 0.6833730936050415, 0.6864663362503052, 0.7090373635292053, 0.6677968502044678, 0.7112843990325928, 0.6875396370887756, 0.7114855051040649, 0.6803010106086731, 0.6762496829032898, 0.7042804956436157, 0.6781104803085327, 0.6985798478126526, 0.6692541837692261, 0.6834290027618408, 0.6810848712921143, 0.7088286876678467, 0.6837188601493835, 0.6822538375854492, 0.676964521408081, 0.6803054809570312, 0.6773360967636108, 0.7054932713508606, 0.6788233518600464, 0.6853066682815552, 0.6767562031745911, 0.6859698295593262, 0.7029563188552856, 0.6776044964790344, 0.7063630819320679, 0.6782917976379395, 0.6785821914672852, 0.6750237941741943, 0.6698944568634033, 0.7018463611602783, 0.6671510934829712, 0.6842989921569824, 0.680699348449707, 0.7001603841781616, 0.7044332027435303, 0.6654025912284851, 0.6752140522003174, 0.6673170328140259, 0.6990985870361328, 0.6797674894332886, 0.6975909471511841, 0.6730623245239258, 0.6742398738861084, 0.6847162246704102, 0.6765754222869873, 0.6696401834487915, 0.7008225917816162, 0.7220956087112427, 0.6811798810958862, 0.7077860832214355, 0.6850480437278748, 0.7070907354354858, 0.6755141019821167, 0.6727597713470459, 0.7054694890975952, 0.7046240568161011, 0.6816076040267944, 0.7115192413330078, 0.6800504922866821, 0.681552529335022, 0.6854979991912842, 0.6773484945297241, 0.7058953046798706, 0.6988630294799805, 0.7164325714111328, 0.7088519334793091, 0.7044329047203064, 0.6753620505332947, 0.6817842721939087, 0.6752334833145142, 0.6989773511886597, 0.6859629154205322]",0,set(),"[0.5833333134651184, 0.3333333432674408, 0.9166666865348816, 0.75, 0.5833333134651184, 0.4166666567325592, 0.4166666567325592, 0.6666666865348816, 0.6666666865348816, 0.8333333134651184, 0.5, 0.5833333134651184, 0.5833333134651184, 0.25, 0.5833333134651184, 0.4166666567325592, 0.8333333134651184, 0.5, 0.6666666865348816, 0.8333333134651184, 0.8333333134651184, 0.3333333432674408, 1.0, 0.6666666865348816, 0.5, 0.5833333134651184, 0.25, 0.9166666865348816, 0.25, 0.8333333134651184, 0.3333333432674408, 0.75, 0.6666666865348816, 0.4166666567325592, 0.75, 0.5833333134651184, 0.75, 0.8333333134651184, 0.5833333134651184, 0.4166666567325592, 0.5833333134651184, 0.75, 0.6666666865348816, 0.9166666865348816, 0.9166666865348816, 0.4166666567325592, 0.75, 0.5833333134651184, 0.9166666865348816, 0.75, 0.5, 0.75, 0.5, 0.8333333134651184, 0.6666666865348816, 0.6666666865348816, 0.75, 0.6666666865348816, 0.9166666865348816, 0.6666666865348816, 0.9166666865348816, 0.6666666865348816, 0.5833333134651184, 0.8333333134651184, 0.5833333134651184, 0.9166666865348816, 0.6666666865348816, 0.9166666865348816, 0.75, 0.75, 0.8333333134651184, 0.5, 0.6666666865348816, 0.75, 0.5, 0.0833333358168602, 0.9166666865348816, 0.3333333432674408, 0.5833333134651184, 0.4166666567325592, 0.6666666865348816, 0.8333333134651184, 0.4166666567325592, 0.5833333134651184, 0.5, 0.3333333432674408, 0.75, 0.75, 0.6666666865348816, 0.5833333134651184, 0.5833333134651184, 0.6666666865348816, 0.1666666716337204, 0.4166666567325592, 0.5833333134651184, 0.6666666865348816, 0.75, 0.6666666865348816, 0.5833333134651184, 0.75]","[0.66713947057724, 0.5583924055099487, 0.6756501197814941, 0.6425532102584839, 0.5323877334594727, 0.5796690583229065, 0.7276595830917358, 0.6208037734031677, 0.7238770723342896, 0.6841607689857483, 0.5314421057701111, 0.6879432797431946, 0.7484633326530457, 0.5981087684631348, 0.7328605055809021, 0.5593380331993103, 0.714893639087677, 0.5678486824035645, 0.7347517609596252, 0.6004728078842163, 0.6851063966751099, 0.6269503831863403, 0.7527186870574951, 0.5049645304679871, 0.7044917345046997, 0.7437352538108826, 0.5806146860122681, 0.6193853616714478, 0.6203309893608093, 0.7366430163383484, 0.6037825345993042, 0.7078014016151428, 0.6690307259559631, 0.5508274435997009, 0.6997635960578918, 0.5200945734977722, 0.5924350023269653, 0.7262411117553711, 0.651063859462738, 0.5489361882209778, 0.6997635960578918, 0.6732860803604126, 0.6666666865348816, 0.6926714181900024, 0.6789597868919373, 0.5361701846122742, 0.6222222447395325, 0.6983451247215271, 0.6784870028495789, 0.7267139554023743, 0.5257683396339417, 0.6647754311561584, 0.5749409198760986, 0.693617045879364, 0.7026004791259766, 0.632624089717865, 0.5990543961524963, 0.5021276473999023, 0.6236406564712524, 0.7323877215385437, 0.7248227000236511, 0.519621729850769, 0.5361701846122742, 0.568794310092926, 0.6302600502967834, 0.5938534140586853, 0.513002336025238, 0.6562647819519043, 0.49881798028945923, 0.6354609727859497, 0.6297872066497803, 0.744208037853241, 0.6307328343391418, 0.5456264615058899, 0.5276595950126648, 0.7130023837089539, 0.7262411117553711, 0.5678486824035645, 0.7224586009979248, 0.5640661716461182, 0.6548463106155396, 0.6567375659942627, 0.508274257183075, 0.5456264615058899, 0.703073263168335, 0.5451536774635315, 0.6628841757774353, 0.6600472927093506, 0.7399527430534363, 0.675177276134491, 0.5356974005699158, 0.5059101581573486, 0.6269503831863403, 0.6118203401565552, 0.5252954959869385, 0.6794326305389404, 0.7252954840660095, 0.6208037734031677, 0.5087470412254333, 0.7304964661598206]",0.6341667175292969,0.6332907676696777,0.7304688096046448,0.7304688096046448,0.46296295523643494,0.5548988580703735,0.6297872340425532,0.2122790813446045
12,100,100,0,40,60,"[0.0, 0.0, 0.0, 0.0, 0.0, 0.0, 0.0, 0.0, 0.0, 0.0, 0.0, 0.0, 0.0, 0.0, 0.0, 0.0, 0.0, 0.0, 0.0, 0.0, 0.0, 0.0, 0.0, 0.0, 0.0, 0.0, 0.0, 0.0, 0.0, 0.0, 0.0, 0.0, 0.0, 0.0, 0.0, 0.0, 0.0, 0.0, 0.0, 0.0, 0.0, 0.0, 0.0, 0.0, 0.0, 0.0, 0.0, 0.0, 0.0, 0.0, 0.0, 0.0, 0.0, 0.0, 0.0, 0.0, 0.0, 0.0, 0.0, 0.0, 0.0, 0.0, 0.0, 0.0, 0.0, 0.0, 0.0, 0.0, 0.0, 0.0, 0.0, 0.0, 0.0, 0.0, 0.0, 0.0, 0.0, 0.0, 0.0, 0.0, 0.0, 0.0, 0.0, 0.0, 0.0, 0.0, 0.0, 0.0, 0.0, 0.0, 0.0, 0.0, 0.0, 0.0, 0.0, 0.0, 0.0, 0.0, 0.0, 0.0]","[0.6710821390151978, 0.6742302179336548, 0.6778409481048584, 0.6695965528488159, 0.6810541749000549, 0.7021067142486572, 0.7107176780700684, 0.712493896484375, 0.6828436851501465, 0.6715781092643738, 0.6717085242271423, 0.6985176801681519, 0.6838321685791016, 0.7154299020767212, 0.6714720129966736, 0.67523193359375, 0.6841542720794678, 0.6793930530548096, 0.6644504070281982, 0.6802923679351807, 0.6784325242042542, 0.7100019454956055, 0.6899974346160889, 0.6708804368972778, 0.6823492050170898, 0.711887001991272, 0.7038209438323975, 0.6973025798797607, 0.6821133494377136, 0.6735131144523621, 0.67813640832901, 0.6658958196640015, 0.6705392599105835, 0.6924718022346497, 0.6714792251586914, 0.6826165318489075, 0.6834872961044312, 0.7051005959510803, 0.7074682712554932, 0.6850920915603638, 0.6735092401504517, 0.6982599496841431, 0.7009621262550354, 0.7087435722351074, 0.6765710115432739, 0.6785715818405151, 0.6847994923591614, 0.6752082705497742, 0.688894510269165, 0.7052827477455139, 0.7132456302642822, 0.6836256384849548, 0.6728341579437256, 0.706702470779419, 0.7070784568786621, 0.7007800936698914, 0.668968915939331, 0.7121716737747192, 0.7233114242553711, 0.6824758052825928, 0.6729598641395569, 0.6841631531715393, 0.7005789875984192, 0.7069543600082397, 0.7108557224273682, 0.6821036338806152, 0.7173442244529724, 0.7172728180885315, 0.6977007985115051, 0.6780005693435669, 0.678078293800354, 0.6784708499908447, 0.7045461535453796, 0.6879929304122925, 0.6721489429473877, 0.7027531862258911, 0.7007564306259155, 0.6854519844055176, 0.6810877323150635, 0.6765637397766113, 0.7039147615432739, 0.677944540977478, 0.6797906160354614, 0.7010747194290161, 0.7074436545372009, 0.6790145635604858, 0.6757365465164185, 0.6843873262405396, 0.7020549774169922, 0.6819971799850464, 0.68306565284729, 0.7065442800521851, 0.6935659646987915, 0.703683614730835, 0.7027371525764465, 0.6863919496536255, 0.6850484609603882, 0.7150259017944336, 0.6873155832290649, 0.7022806406021118]",0,set(),"[0.75, 0.9166666865348816, 0.75, 0.8333333134651184, 0.6666666865348816, 0.3333333432674408, 0.5, 0.1666666716337204, 0.8333333134651184, 0.8333333134651184, 0.75, 0.5833333134651184, 0.5833333134651184, 0.1666666716337204, 0.8333333134651184, 0.6666666865348816, 0.6666666865348816, 0.9166666865348816, 0.8333333134651184, 0.6666666865348816, 0.8333333134651184, 0.3333333432674408, 0.5833333134651184, 0.8333333134651184, 0.6666666865348816, 0.25, 0.5833333134651184, 0.75, 0.6666666865348816, 0.8333333134651184, 0.5833333134651184, 0.8333333134651184, 0.8333333134651184, 0.5, 0.75, 0.75, 0.6666666865348816, 0.3333333432674408, 0.4166666567325592, 0.8333333134651184, 0.8333333134651184, 0.5833333134651184, 0.5, 0.5, 0.8333333134651184, 0.9166666865348816, 0.6666666865348816, 0.6666666865348816, 0.8333333134651184, 0.5833333134651184, 0.1666666716337204, 0.75, 0.8333333134651184, 0.3333333432674408, 0.25, 0.6666666865348816, 0.8333333134651184, 0.1666666716337204, 0.0833333358168602, 0.6666666865348816, 0.6666666865348816, 0.75, 0.6666666865348816, 0.5, 0.1666666716337204, 0.5833333134651184, 0.1666666716337204, 0.1666666716337204, 0.5833333134651184, 0.9166666865348816, 0.8333333134651184, 0.9166666865348816, 0.5833333134651184, 0.75, 0.75, 0.6666666865348816, 0.6666666865348816, 0.6666666865348816, 0.5833333134651184, 0.9166666865348816, 0.3333333432674408, 0.75, 0.6666666865348816, 0.5833333134651184, 0.5, 0.5833333134651184, 0.6666666865348816, 0.5833333134651184, 0.5833333134651184, 0.5833333134651184, 0.6666666865348816, 0.4166666567325592, 0.6666666865348816, 0.5, 0.5833333134651184, 0.75, 0.5833333134651184, 0.25, 0.3333333432674408, 0.5833333134651184]","[0.6174941062927246, 0.6222222447395325, 0.7262411117553711, 0.6236406564712524, 0.7290779948234558, 0.5470449328422546, 0.5829787254333496, 0.6718676090240479, 0.750827431678772, 0.6368794441223145, 0.6567375659942627, 0.5205673575401306, 0.73758864402771, 0.6624113321304321, 0.6988179683685303, 0.6983451247215271, 0.7304964661598206, 0.7158392667770386, 0.6293144226074219, 0.716312050819397, 0.7338061332702637, 0.6108747124671936, 0.7730496525764465, 0.6321513056755066, 0.7484633326530457, 0.6274231672286987, 0.5574468374252319, 0.5111111402511597, 0.716312050819397, 0.6926714181900024, 0.6851063966751099, 0.6066193580627441, 0.645862877368927, 0.772104024887085, 0.601891279220581, 0.7503545880317688, 0.6964539289474487, 0.5829787254333496, 0.5735224485397339, 0.7517730593681335, 0.6463357210159302, 0.5134751796722412, 0.5352245569229126, 0.5730496644973755, 0.7252954840660095, 0.724349856376648, 0.7583924531936646, 0.695035457611084, 0.7768321633338928, 0.5470449328422546, 0.644444465637207, 0.7489361763000488, 0.6330969333648682, 0.5905437469482422, 0.6340425610542297, 0.508274257183075, 0.6430259943008423, 0.59669029712677, 0.7356973886489868, 0.7423167824745178, 0.6364066004753113, 0.7101655006408691, 0.5191489458084106, 0.5976359248161316, 0.632624089717865, 0.6709219813346863, 0.631205677986145, 0.6160756349563599, 0.5186761021614075, 0.7328605055809021, 0.6888889074325562, 0.7210401892662048, 0.5423167943954468, 0.7692671418190002, 0.6567375659942627, 0.5219858288764954, 0.513002336025238, 0.7687942981719971, 0.7281323671340942, 0.6964539289474487, 0.5234042406082153, 0.6491726040840149, 0.7191489338874817, 0.5394799113273621, 0.6094562411308289, 0.659101665019989, 0.6572104096412659, 0.742789626121521, 0.5243498682975769, 0.7186761498451233, 0.7271867394447327, 0.5777778029441833, 0.5115839242935181, 0.5555555820465088, 0.532860517501831, 0.7465720772743225, 0.7333333492279053, 0.6302600502967834, 0.7432624101638794, 0.5267139673233032]",0.6141666769981384,0.6501702070236206,0.73333340883255,0.73333340883255,0.43541669845581055,0.5737706422805786,0.6453900709219859,0.1130521297454834
13,100,100,0,24,76,"[0.0, 0.0, 0.0, 0.0, 0.0, 0.0, 0.0, 0.0, 0.0, 0.0, 0.0, 0.0, 0.0, 0.0, 0.0, 0.0, 0.0, 0.0, 0.0, 0.0, 0.0, 0.0, 0.0, 0.0, 0.0, 0.0, 0.0, 0.0, 0.0, 0.0, 0.0, 0.0, 0.0, 0.0, 0.0, 0.0, 0.0, 0.0, 0.0, 0.0, 0.0, 0.0, 0.0, 0.0, 0.0, 0.0, 0.0, 0.0, 0.0, 0.0, 0.0, 0.0, 0.0, 0.0, 0.0, 0.0, 0.0, 0.0, 0.0, 0.0, 0.0, 0.0, 0.0, 0.0, 0.0, 0.0, 0.0, 0.0, 0.0, 0.0, 0.0, 0.0, 0.0, 0.0, 0.0, 0.0, 0.0, 0.0, 0.0, 0.0, 0.0, 0.0, 0.0, 0.0, 0.0, 0.0, 0.0, 0.0, 0.0, 0.0, 0.0, 0.0, 0.0, 0.0, 0.0, 0.0, 0.0, 0.0, 0.0, 0.0]","[0.6940180063247681, 0.6790931224822998, 0.6742781400680542, 0.6677308082580566, 0.6718766689300537, 0.673839271068573, 0.6875395774841309, 0.6786147356033325, 0.679356038570404, 0.6772434711456299, 0.6769706010818481, 0.7023566961288452, 0.6764225959777832, 0.7000687122344971, 0.7267194986343384, 0.676133394241333, 0.7031521797180176, 0.6906217932701111, 0.6970300674438477, 0.669510006904602, 0.6774375438690186, 0.6774712800979614, 0.6826492547988892, 0.6975079774856567, 0.6786363124847412, 0.6755365133285522, 0.6723161935806274, 0.6779018640518188, 0.6774635314941406, 0.6765590906143188, 0.6668545007705688, 0.6869702339172363, 0.6756284236907959, 0.6793512105941772, 0.674820601940155, 0.6760581731796265, 0.686176061630249, 0.6770559549331665, 0.7031100988388062, 0.6692965626716614, 0.6680784225463867, 0.7082794904708862, 0.6874997615814209, 0.6821004748344421, 0.6715909242630005, 0.667025625705719, 0.6859187483787537, 0.6680560111999512, 0.6706851720809937, 0.6716687679290771, 0.6884235143661499, 0.6755825281143188, 0.7000827193260193, 0.6813544034957886, 0.6817734241485596, 0.6840839982032776, 0.6771363615989685, 0.7071643471717834, 0.6709079742431641, 0.7140712738037109, 0.7058130502700806, 0.6821651458740234, 0.6686393022537231, 0.6905472278594971, 0.6892130374908447, 0.6939277648925781, 0.6853628158569336, 0.7134993076324463, 0.6896189451217651, 0.701802134513855, 0.6840078830718994, 0.6731469631195068, 0.7144224643707275, 0.6753925085067749, 0.6817278861999512, 0.7139326333999634, 0.6800601482391357, 0.6848838329315186, 0.6735587120056152, 0.6788231134414673, 0.6847604513168335, 0.6857179403305054, 0.6726747155189514, 0.6775810122489929, 0.6847102046012878, 0.6808780431747437, 0.7013219594955444, 0.6891113519668579, 0.7030149698257446, 0.6757381558418274, 0.6826112270355225, 0.6771172285079956, 0.7093555331230164, 0.701191782951355, 0.6822197437286377, 0.7115050554275513, 0.6818680763244629, 0.7105088233947754, 0.6883366107940674, 0.678466796875]",0,set(),"[0.6666666865348816, 0.75, 0.75, 0.6666666865348816, 0.75, 0.9166666865348816, 0.4166666567325592, 0.6666666865348816, 0.6666666865348816, 0.5833333134651184, 0.8333333134651184, 0.5833333134651184, 0.75, 0.5833333134651184, 0.0, 0.75, 0.4166666567325592, 0.5, 0.75, 0.9166666865348816, 0.8333333134651184, 0.75, 0.75, 0.5833333134651184, 0.75, 0.8333333134651184, 0.75, 0.8333333134651184, 0.75, 0.8333333134651184, 0.8333333134651184, 0.4166666567325592, 0.5833333134651184, 0.6666666865348816, 0.6666666865348816, 0.8333333134651184, 0.6666666865348816, 0.75, 0.6666666865348816, 0.8333333134651184, 0.75, 0.4166666567325592, 0.5, 0.5833333134651184, 0.75, 0.8333333134651184, 0.8333333134651184, 0.75, 0.8333333134651184, 0.8333333134651184, 0.8333333134651184, 0.6666666865348816, 0.5, 0.75, 0.8333333134651184, 0.6666666865348816, 0.6666666865348816, 0.3333333432674408, 0.8333333134651184, 0.0833333358168602, 0.3333333432674408, 0.8333333134651184, 0.8333333134651184, 0.5833333134651184, 0.75, 0.6666666865348816, 0.6666666865348816, 0.4166666567325592, 0.75, 0.5833333134651184, 0.6666666865348816, 1.0, 0.3333333432674408, 0.8333333134651184, 0.5833333134651184, 0.25, 0.6666666865348816, 0.5833333134651184, 0.9166666865348816, 0.9166666865348816, 0.9166666865348816, 0.6666666865348816, 0.6666666865348816, 0.8333333134651184, 0.8333333134651184, 0.75, 0.6666666865348816, 0.5833333134651184, 0.5, 0.8333333134651184, 0.75, 0.6666666865348816, 0.5, 0.5, 0.5833333134651184, 0.5, 0.5, 0.3333333432674408, 0.75, 0.9166666865348816]","[0.5238770842552185, 0.7390071153640747, 0.6666666865348816, 0.645862877368927, 0.7073286175727844, 0.73617023229599, 0.7517730593681335, 0.7092198729515076, 0.750827431678772, 0.6732860803604126, 0.7054373621940613, 0.5678486824035645, 0.7158392667770386, 0.5352245569229126, 0.7342789769172668, 0.6836879253387451, 0.5981087684631348, 0.7862884402275085, 0.5394799113273621, 0.653900682926178, 0.7044917345046997, 0.6482269763946533, 0.7550827264785767, 0.5238770842552185, 0.701654851436615, 0.6973995566368103, 0.681796669960022, 0.7333333492279053, 0.6624113321304321, 0.7040188908576965, 0.6104018688201904, 0.7560283541679382, 0.7035461068153381, 0.6434988379478455, 0.6855791807174683, 0.73758864402771, 0.7536643147468567, 0.709692656993866, 0.5276595950126648, 0.632624089717865, 0.6345153450965881, 0.6080378293991089, 0.7773049473762512, 0.7323877215385437, 0.6486997604370117, 0.6316784620285034, 0.7796690464019775, 0.5962175130844116, 0.6851063966751099, 0.66572105884552, 0.7929077744483948, 0.6690307259559631, 0.5423167943954468, 0.7390071153640747, 0.7404255270957947, 0.7437352538108826, 0.6534278988838196, 0.6434988379478455, 0.6572104096412659, 0.6316784620285034, 0.6695035696029663, 0.7432624101638794, 0.6652482151985168, 0.7829787135124207, 0.7867612242698669, 0.5300236344337463, 0.7475177049636841, 0.6486997604370117, 0.7791962027549744, 0.568794310092926, 0.7338061332702637, 0.7300236225128174, 0.6316784620285034, 0.7380614876747131, 0.7550827264785767, 0.6491726040840149, 0.7252954840660095, 0.7598108649253845, 0.7172576785087585, 0.7139480113983154, 0.7626477479934692, 0.7673758864402771, 0.6959810853004456, 0.716312050819397, 0.7579196095466614, 0.7144207954406738, 0.5508274435997009, 0.7612293362617493, 0.5796690583229065, 0.6794326305389404, 0.7498818039894104, 0.6921985745429993, 0.5678486824035645, 0.5470449328422546, 0.7565011978149414, 0.6056737303733826, 0.7352246046066284, 0.6614657044410706, 0.7834515571594238, 0.7456264495849609]",0.6716666221618652,0.6847612261772156,0.7368420362472534,0.7368420362472534,0.465277761220932,0.5910953283309937,0.6950354609929078,0.11319208145141602
14,100,100,0,36,64,"[0.0, 0.0, 0.0, 0.0, 0.0, 0.0, 0.0, 0.0, 0.0, 0.0, 0.0, 0.0, 0.0, 0.0, 0.0, 0.0, 0.0, 0.0, 0.0, 0.0, 0.0, 0.0, 0.0, 0.0, 0.0, 0.0, 0.0, 0.0, 0.0, 0.0, 0.0, 0.0, 0.0, 0.0, 0.0, 0.0, 0.0, 0.0, 0.0, 0.0, 0.0, 0.0, 0.0, 0.0, 0.0, 0.0, 0.0, 0.0, 0.0, 0.0, 0.0, 0.0, 0.0, 0.0, 0.0, 0.0, 0.0, 0.0, 0.0, 0.0, 0.0, 0.0, 0.0, 0.0, 0.0, 0.0, 0.0, 0.0, 0.0, 0.0, 0.0, 0.0, 0.0, 0.0, 0.0, 0.0, 0.0, 0.0, 0.0, 0.0, 0.0, 0.0, 0.0, 0.0, 0.0, 0.0, 0.0, 0.0, 0.0, 0.0, 0.0, 0.0, 0.0, 0.0, 0.0, 0.0, 0.0, 0.0, 0.0, 0.0]","[0.7071572542190552, 0.6754962205886841, 0.7111953496932983, 0.6808774471282959, 0.6780328750610352, 0.7070430517196655, 0.6908143758773804, 0.6853528618812561, 0.6641923189163208, 0.6839468479156494, 0.6872754096984863, 0.6836475133895874, 0.6738734245300293, 0.660454511642456, 0.7147555351257324, 0.7037075757980347, 0.6861860156059265, 0.7007622718811035, 0.6843160390853882, 0.6618437767028809, 0.6808450222015381, 0.6746661067008972, 0.6809903383255005, 0.701543390750885, 0.6771907210350037, 0.6823514699935913, 0.672512948513031, 0.7202968597412109, 0.7106696367263794, 0.6807540655136108, 0.702295184135437, 0.6739469170570374, 0.6731137633323669, 0.6681824326515198, 0.7095939517021179, 0.6725927591323853, 0.7036452293395996, 0.7153868079185486, 0.7133577466011047, 0.6760480403900146, 0.7065670490264893, 0.6832585334777832, 0.6895385980606079, 0.7032283544540405, 0.68036288022995, 0.6722519397735596, 0.7117787599563599, 0.6996198892593384, 0.7076705694198608, 0.6764208674430847, 0.7079199552536011, 0.7015137672424316, 0.6808944940567017, 0.6760355234146118, 0.711107611656189, 0.7192374467849731, 0.6718834638595581, 0.7135230302810669, 0.6735339164733887, 0.6730784773826599, 0.6791232824325562, 0.7128441333770752, 0.6801539659500122, 0.7136021256446838, 0.7158571481704712, 0.6738383769989014, 0.715537965297699, 0.6744552850723267, 0.6972405314445496, 0.6682121753692627, 0.6836833953857422, 0.6788140535354614, 0.675621509552002, 0.678575336933136, 0.67609703540802, 0.710280179977417, 0.6792021989822388, 0.6720191240310669, 0.7155526876449585, 0.6707760095596313, 0.6803569793701172, 0.6730875968933105, 0.6731967926025391, 0.7086021900177002, 0.6801917552947998, 0.7043988704681396, 0.7122685313224792, 0.6770124435424805, 0.6809895038604736, 0.6807526350021362, 0.6834121942520142, 0.7087691426277161, 0.6840232014656067, 0.6750568151473999, 0.6811075210571289, 0.6758428812026978, 0.7205029726028442, 0.6869924068450928, 0.6696284413337708, 0.6822947263717651]",0,set(),"[0.3333333432674408, 0.75, 0.4166666567325592, 0.6666666865348816, 0.75, 0.4166666567325592, 0.75, 0.6666666865348816, 0.9166666865348816, 0.8333333134651184, 0.75, 0.6666666865348816, 0.75, 0.9166666865348816, 0.25, 0.5833333134651184, 0.75, 0.75, 0.6666666865348816, 0.75, 0.6666666865348816, 1.0, 0.5833333134651184, 0.5, 0.75, 0.8333333134651184, 0.8333333134651184, 0.0833333358168602, 0.4166666567325592, 0.5833333134651184, 0.6666666865348816, 0.8333333134651184, 0.8333333134651184, 0.9166666865348816, 0.3333333432674408, 0.8333333134651184, 0.5833333134651184, 0.1666666716337204, 0.25, 0.9166666865348816, 0.4166666567325592, 0.8333333134651184, 0.5833333134651184, 0.75, 0.5833333134651184, 0.75, 0.3333333432674408, 0.5833333134651184, 0.4166666567325592, 0.6666666865348816, 0.5, 0.5833333134651184, 0.6666666865348816, 0.8333333134651184, 0.3333333432674408, 0.1666666716337204, 1.0, 0.4166666567325592, 0.75, 0.75, 0.6666666865348816, 0.3333333432674408, 0.6666666865348816, 0.3333333432674408, 0.1666666716337204, 0.8333333134651184, 0.3333333432674408, 0.75, 0.75, 0.8333333134651184, 0.8333333134651184, 0.75, 0.8333333134651184, 0.6666666865348816, 0.75, 0.5, 0.75, 0.75, 0.3333333432674408, 0.8333333134651184, 0.9166666865348816, 0.6666666865348816, 0.75, 0.25, 0.75, 0.5833333134651184, 0.1666666716337204, 0.75, 0.9166666865348816, 0.8333333134651184, 0.8333333134651184, 0.3333333432674408, 0.6666666865348816, 0.75, 1.0, 0.9166666865348816, 0.1666666716337204, 0.6666666865348816, 0.75, 0.5833333134651184]","[0.7044917345046997, 0.7366430163383484, 0.6453900933265686, 0.7777777910232544, 0.757446825504303, 0.588652491569519, 0.7947990298271179, 0.7716311812400818, 0.6756501197814941, 0.7947990298271179, 0.8085106611251831, 0.7910165190696716, 0.7215129733085632, 0.6647754311561584, 0.6879432797431946, 0.5659574270248413, 0.7895981073379517, 0.5522458553314209, 0.7763593196868896, 0.6387706995010376, 0.7531914710998535, 0.772104024887085, 0.7683215141296387, 0.6104018688201904, 0.7531914710998535, 0.7829787135124207, 0.7196217775344849, 0.7167848944664001, 0.6269503831863403, 0.7635933756828308, 0.560756504535675, 0.7120567560195923, 0.7191489338874817, 0.7219858169555664, 0.6316784620285034, 0.7706855535507202, 0.6009456515312195, 0.7304964661598206, 0.6529550552368164, 0.7735224366188049, 0.66713947057724, 0.7966902852058411, 0.8141843676567078, 0.5758865475654602, 0.7848699688911438, 0.7120567560195923, 0.6789597868919373, 0.560756504535675, 0.6439716219902039, 0.7579196095466614, 0.6416075825691223, 0.5702127814292908, 0.7517730593681335, 0.7617021203041077, 0.6482269763946533, 0.7200945615768433, 0.7479905486106873, 0.6420803666114807, 0.7319148778915405, 0.7328605055809021, 0.7550827264785767, 0.6983451247215271, 0.7583924531936646, 0.7191489338874817, 0.6463357210159302, 0.7290779948234558, 0.6775413751602173, 0.6988179683685303, 0.554137110710144, 0.6926714181900024, 0.7995271682739258, 0.7366430163383484, 0.7257683277130127, 0.7706855535507202, 0.6903073191642761, 0.6581560373306274, 0.7735224366188049, 0.7002363801002502, 0.6756501197814941, 0.6973995566368103, 0.7858155965805054, 0.7125295400619507, 0.73617023229599, 0.5815602540969849, 0.7815603017807007, 0.5910165309906006, 0.6728132367134094, 0.7692671418190002, 0.7782505750656128, 0.7895981073379517, 0.7848699688911438, 0.6028369069099426, 0.7806146740913391, 0.688416063785553, 0.7858155965805054, 0.7333333492279053, 0.7002363801002502, 0.7829787135124207, 0.7068557739257812, 0.7659574747085571]",0.6375000476837158,0.7101418972015381,0.76953125,0.76953125,0.4027777910232544,0.6389545798301697,0.7186761229314421,0.212263822555542
15,100,100,0,34,66,"[0.0, 0.0, 0.0, 0.0, 0.0, 0.0, 0.0, 0.0, 0.0, 0.0, 0.0, 0.0, 0.0, 0.0, 0.0, 0.0, 0.0, 0.0, 0.0, 0.0, 0.0, 0.0, 0.0, 0.0, 0.0, 0.0, 0.0, 0.0, 0.0, 0.0, 0.0, 0.0, 0.0, 0.0, 0.0, 0.0, 0.0, 0.0, 0.0, 0.0, 0.0, 0.0, 0.0, 0.0, 0.0, 0.0, 0.0, 0.0, 0.0, 0.0, 0.0, 0.0, 0.0, 0.0, 0.0, 0.0, 0.0, 0.0, 0.0, 0.0, 0.0, 0.0, 0.0, 0.0, 0.0, 0.0, 0.0, 0.0, 0.0, 0.0, 0.0, 0.0, 0.0, 0.0, 0.0, 0.0, 0.0, 0.0, 0.0, 0.0, 0.0, 0.0, 0.0, 0.0, 0.0, 0.0, 0.0, 0.0, 0.0, 0.0, 0.0, 0.0, 0.0, 0.0, 0.0, 0.0, 0.0, 0.0, 0.0, 0.0]","[0.6985181570053101, 0.6650538444519043, 0.7055476903915405, 0.7060943841934204, 0.6732195615768433, 0.713822603225708, 0.7053591012954712, 0.7166473865509033, 0.7048724293708801, 0.7082311511039734, 0.677350640296936, 0.6979644894599915, 0.6768400073051453, 0.6725507378578186, 0.6791723370552063, 0.668217122554779, 0.6786422729492188, 0.7088170051574707, 0.6759345531463623, 0.716600775718689, 0.6820917129516602, 0.666408360004425, 0.6742422580718994, 0.6832713484764099, 0.7053413391113281, 0.7141836285591125, 0.6658916473388672, 0.6718276739120483, 0.7120795249938965, 0.7119389772415161, 0.6683356761932373, 0.7050453424453735, 0.667110025882721, 0.6801208257675171, 0.679931640625, 0.6639279127120972, 0.6672173142433167, 0.6748123168945312, 0.6846806406974792, 0.6755730509757996, 0.6670207381248474, 0.6888940930366516, 0.6697317361831665, 0.6760697364807129, 0.7106800675392151, 0.6666390895843506, 0.6818784475326538, 0.6769145727157593, 0.6749050617218018, 0.6680222749710083, 0.70406174659729, 0.6773288249969482, 0.6737428903579712, 0.712727963924408, 0.6769126653671265, 0.7239390015602112, 0.6814716458320618, 0.6694118976593018, 0.6823210716247559, 0.6814596652984619, 0.6869881749153137, 0.6845146417617798, 0.6821792125701904, 0.6956436634063721, 0.7028176784515381, 0.7121133804321289, 0.6643071174621582, 0.6666989922523499, 0.7083084583282471, 0.7121634483337402, 0.6676185131072998, 0.7045079469680786, 0.6747521162033081, 0.671746015548706, 0.6829535961151123, 0.6778069734573364, 0.6829888224601746, 0.7097470164299011, 0.6741586923599243, 0.6715701818466187, 0.6768677830696106, 0.6795488595962524, 0.7160338759422302, 0.6687703728675842, 0.7068803906440735, 0.6758344769477844, 0.6818023920059204, 0.7028759717941284, 0.7045999765396118, 0.6617314219474792, 0.6815868616104126, 0.6961424350738525, 0.6653571128845215, 0.7078742980957031, 0.6614151000976562, 0.6745859384536743, 0.7073351144790649, 0.6758347749710083, 0.6710399389266968, 0.675918459892273]",0,set(),"[0.6666666865348816, 0.8333333134651184, 0.25, 0.5, 0.6666666865348816, 0.1666666716337204, 0.3333333432674408, 0.25, 0.3333333432674408, 0.1666666716337204, 0.6666666865348816, 0.6666666865348816, 0.8333333134651184, 0.9166666865348816, 0.9166666865348816, 0.8333333134651184, 0.9166666865348816, 0.4166666567325592, 0.9166666865348816, 0.25, 0.75, 0.8333333134651184, 0.9166666865348816, 0.8333333134651184, 0.4166666567325592, 0.1666666716337204, 1.0, 0.75, 0.4166666567325592, 0.4166666567325592, 0.75, 0.5833333134651184, 0.9166666865348816, 0.9166666865348816, 0.9166666865348816, 1.0, 0.9166666865348816, 0.75, 0.8333333134651184, 0.75, 0.6666666865348816, 0.6666666865348816, 0.8333333134651184, 0.5833333134651184, 0.4166666567325592, 0.8333333134651184, 0.8333333134651184, 0.75, 0.8333333134651184, 0.8333333134651184, 0.6666666865348816, 0.8333333134651184, 0.9166666865348816, 0.4166666567325592, 0.75, 0.1666666716337204, 0.9166666865348816, 0.6666666865348816, 0.9166666865348816, 0.5833333134651184, 0.6666666865348816, 0.6666666865348816, 0.75, 0.6666666865348816, 0.5833333134651184, 0.25, 0.8333333134651184, 0.8333333134651184, 0.1666666716337204, 0.25, 0.9166666865348816, 0.3333333432674408, 0.6666666865348816, 0.8333333134651184, 0.9166666865348816, 0.8333333134651184, 0.8333333134651184, 0.5, 0.8333333134651184, 0.8333333134651184, 0.6666666865348816, 0.9166666865348816, 0.1666666716337204, 1.0, 0.3333333432674408, 0.6666666865348816, 0.75, 0.4166666567325592, 0.4166666567325592, 1.0, 0.8333333134651184, 0.6666666865348816, 0.75, 0.3333333432674408, 0.8333333134651184, 0.9166666865348816, 0.4166666567325592, 0.8333333134651184, 0.8333333134651184, 0.8333333134651184]","[0.5985815525054932, 0.6855791807174683, 0.693617045879364, 0.624586284160614, 0.7593380808830261, 0.7092198729515076, 0.6572104096412659, 0.7068557739257812, 0.6222222447395325, 0.6501182317733765, 0.7862884402275085, 0.5858156085014343, 0.7617021203041077, 0.7527186870574951, 0.8004727959632874, 0.7011820077896118, 0.7985815405845642, 0.7002363801002502, 0.8009456396102905, 0.7068557739257812, 0.8137115836143494, 0.695035457611084, 0.7820330858230591, 0.7971631288528442, 0.7049645185470581, 0.6940898299217224, 0.7144207954406738, 0.7257683277130127, 0.680378258228302, 0.6628841757774353, 0.7049645185470581, 0.6203309893608093, 0.7333333492279053, 0.8037825226783752, 0.7914893627166748, 0.7262411117553711, 0.7451536655426025, 0.7593380808830261, 0.8047281503677368, 0.7257683277130127, 0.7408983707427979, 0.8335697650909424, 0.7205674052238464, 0.7432624101638794, 0.6888889074325562, 0.7210401892662048, 0.8099290728569031, 0.7536643147468567, 0.7418439984321594, 0.7664302587509155, 0.6061465740203857, 0.7914893627166748, 0.7602837085723877, 0.645862877368927, 0.7971631288528442, 0.7167848944664001, 0.80661940574646, 0.7158392667770386, 0.8151299953460693, 0.7687942981719971, 0.8321512937545776, 0.7914893627166748, 0.80661940574646, 0.5895981192588806, 0.6226950287818909, 0.7366430163383484, 0.7111111283302307, 0.729550838470459, 0.6969267129898071, 0.6846335530281067, 0.7333333492279053, 0.6250591278076172, 0.7252954840660095, 0.7683215141296387, 0.8137115836143494, 0.7749409079551697, 0.8302600383758545, 0.6614657044410706, 0.7423167824745178, 0.7650118470191956, 0.7777777910232544, 0.8070921897888184, 0.7352246046066284, 0.7498818039894104, 0.611347496509552, 0.7711583971977234, 0.8108747005462646, 0.6482269763946533, 0.6146572232246399, 0.6912529468536377, 0.8070921897888184, 0.601891279220581, 0.6704491972923279, 0.6042553186416626, 0.7219858169555664, 0.7839243412017822, 0.701654851436615, 0.729550838470459, 0.7167848944664001, 0.7971631288528442]",0.6716667413711548,0.7272529602050781,0.8181818127632141,0.8181818127632141,0.387254923582077,0.6591154932975769,0.7323877068557919,0.11277556419372559
16,100,100,0,23,77,"[0.0, 0.0, 0.0, 0.0, 0.0, 0.0, 0.0, 0.0, 0.0, 0.0, 0.0, 0.0, 0.0, 0.0, 0.0, 0.0, 0.0, 0.0, 0.0, 0.0, 0.0, 0.0, 0.0, 0.0, 0.0, 0.0, 0.0, 0.0, 0.0, 0.0, 0.0, 0.0, 0.0, 0.0, 0.0, 0.0, 0.0, 0.0, 0.0, 0.0, 0.0, 0.0, 0.0, 0.0, 0.0, 0.0, 0.0, 0.0, 0.0, 0.0, 0.0, 0.0, 0.0, 0.0, 0.0, 0.0, 0.0, 0.0, 0.0, 0.0, 0.0, 0.0, 0.0, 0.0, 0.0, 0.0, 0.0, 0.0, 0.0, 0.0, 0.0, 0.0, 0.0, 0.0, 0.0, 0.0, 0.0, 0.0, 0.0, 0.0, 0.0, 0.0, 0.0, 0.0, 0.0, 0.0, 0.0, 0.0, 0.0, 0.0, 0.0, 0.0, 0.0, 0.0, 0.0, 0.0, 0.0, 0.0, 0.0, 0.0]","[0.6657295227050781, 0.6614539623260498, 0.6818192005157471, 0.6992090940475464, 0.6609774827957153, 0.7107987403869629, 0.6708358526229858, 0.708361804485321, 0.680245041847229, 0.67393958568573, 0.6789488792419434, 0.6678228378295898, 0.7160061597824097, 0.6702779531478882, 0.6719468832015991, 0.6679971218109131, 0.6782964468002319, 0.706171452999115, 0.7192972302436829, 0.7147862315177917, 0.6770697236061096, 0.7067914009094238, 0.6771047115325928, 0.6766402125358582, 0.6662305593490601, 0.7120764255523682, 0.7116298675537109, 0.6656239628791809, 0.6851711273193359, 0.6679351329803467, 0.7120006084442139, 0.6675330400466919, 0.6763477921485901, 0.6813469529151917, 0.7065219879150391, 0.6694786548614502, 0.6866403818130493, 0.6676695346832275, 0.6749280691146851, 0.6840627193450928, 0.670439600944519, 0.6722756624221802, 0.680187463760376, 0.6761050224304199, 0.7061595916748047, 0.6783437728881836, 0.6689991354942322, 0.6815745830535889, 0.6700512170791626, 0.6749234795570374, 0.665608286857605, 0.680427074432373, 0.7061098217964172, 0.6663761138916016, 0.6806138753890991, 0.6786385774612427, 0.673908531665802, 0.6760233640670776, 0.6690876483917236, 0.6665179133415222, 0.6734929084777832, 0.6821268796920776, 0.676414966583252, 0.6719743609428406, 0.7148463726043701, 0.6741938591003418, 0.6817954778671265, 0.666260302066803, 0.7113496661186218, 0.6754029393196106, 0.6673541069030762, 0.6664257049560547, 0.6769269704818726, 0.6731265187263489, 0.7076860666275024, 0.7064831256866455, 0.7145099639892578, 0.6762410402297974, 0.6793931722640991, 0.7005758285522461, 0.6822820901870728, 0.6767279505729675, 0.682046115398407, 0.7110011577606201, 0.7111506462097168, 0.6746323108673096, 0.7104291915893555, 0.672440767288208, 0.6769940853118896, 0.685439944267273, 0.673145055770874, 0.6798257827758789, 0.6779882907867432, 0.6673834323883057, 0.6585223078727722, 0.6738424301147461, 0.6750490665435791, 0.6801469326019287, 0.6795796155929565, 0.6749041080474854]",0,set(),"[0.6666666865348816, 0.9166666865348816, 0.8333333134651184, 0.75, 0.9166666865348816, 0.3333333432674408, 0.9166666865348816, 0.5, 0.8333333134651184, 0.9166666865348816, 0.9166666865348816, 0.75, 0.1666666716337204, 1.0, 0.75, 1.0, 0.8333333134651184, 0.4166666567325592, 0.0, 0.25, 0.6666666865348816, 0.4166666567325592, 0.9166666865348816, 0.8333333134651184, 0.8333333134651184, 0.25, 0.4166666567325592, 0.9166666865348816, 0.8333333134651184, 1.0, 0.25, 0.9166666865348816, 0.8333333134651184, 0.75, 0.3333333432674408, 0.8333333134651184, 0.5833333134651184, 1.0, 0.8333333134651184, 0.8333333134651184, 0.6666666865348816, 1.0, 0.9166666865348816, 0.75, 0.25, 0.75, 0.9166666865348816, 0.9166666865348816, 0.75, 0.9166666865348816, 0.8333333134651184, 0.5833333134651184, 0.4166666567325592, 0.9166666865348816, 0.5833333134651184, 0.75, 0.8333333134651184, 0.8333333134651184, 0.9166666865348816, 0.8333333134651184, 0.9166666865348816, 0.75, 0.6666666865348816, 0.8333333134651184, 0.3333333432674408, 0.6666666865348816, 0.6666666865348816, 0.8333333134651184, 0.25, 0.75, 0.8333333134651184, 0.8333333134651184, 0.75, 0.75, 0.4166666567325592, 0.6666666865348816, 0.25, 0.8333333134651184, 0.9166666865348816, 0.4166666567325592, 0.9166666865348816, 0.6666666865348816, 0.75, 0.3333333432674408, 0.3333333432674408, 0.8333333134651184, 0.4166666567325592, 0.5833333134651184, 0.75, 1.0, 0.9166666865348816, 0.8333333134651184, 0.75, 0.9166666865348816, 0.8333333134651184, 0.9166666865348816, 0.5833333134651184, 1.0, 0.9166666865348816, 0.9166666865348816]","[0.7191489338874817, 0.7300236225128174, 0.8212766051292419, 0.601891279220581, 0.7153664231300354, 0.6898345351219177, 0.7555555701255798, 0.645862877368927, 0.8170212507247925, 0.765484631061554, 0.8198581337928772, 0.7456264495849609, 0.7219858169555664, 0.7451536655426025, 0.7697399258613586, 0.7706855535507202, 0.8047281503677368, 0.6288415789604187, 0.764066219329834, 0.7371158599853516, 0.7938534021377563, 0.6330969333648682, 0.817966878414154, 0.7782505750656128, 0.722931444644928, 0.7286052107810974, 0.7224586009979248, 0.7281323671340942, 0.8420803546905518, 0.73758864402771, 0.7134751677513123, 0.7503545880317688, 0.8033096790313721, 0.8255318999290466, 0.7210401892662048, 0.7210401892662048, 0.8283687829971313, 0.7598108649253845, 0.772104024887085, 0.8160756230354309, 0.7621749639511108, 0.7848699688911438, 0.8203309774398804, 0.7929077744483948, 0.7182033061981201, 0.8104019165039062, 0.7418439984321594, 0.8283687829971313, 0.7290779948234558, 0.8174940943717957, 0.7470449209213257, 0.8208037614822388, 0.6780141592025757, 0.7446808218955994, 0.7843971848487854, 0.7957446575164795, 0.8033096790313721, 0.8033096790313721, 0.7550827264785767, 0.7546099424362183, 0.7697399258613586, 0.827895998954773, 0.8018912672996521, 0.7758865356445312, 0.7328605055809021, 0.7678486704826355, 0.8231678605079651, 0.7342789769172668, 0.6477541327476501, 0.7697399258613586, 0.7319148778915405, 0.7333333492279053, 0.800000011920929, 0.7602837085723877, 0.6973995566368103, 0.6453900933265686, 0.7215129733085632, 0.813238799571991, 0.8151299953460693, 0.6203309893608093, 0.8245862722396851, 0.8052009344100952, 0.8127659559249878, 0.6704491972923279, 0.7078014016151428, 0.7914893627166748, 0.7073286175727844, 0.7886524796485901, 0.8052009344100952, 0.8349881768226624, 0.7683215141296387, 0.8156028389930725, 0.7985815405845642, 0.7418439984321594, 0.7040188908576965, 0.7744680643081665, 0.7579196095466614, 0.8174940943717957, 0.8141843676567078, 0.8085106611251831]",0.7174999713897705,0.7601701617240906,0.825757622718811,0.825757622718811,0.3550724387168884,0.6893617510795593,0.7602836879432624,0.21076726913452148
17,100,100,0,25,75,"[0.0, 0.0, 0.0, 0.0, 0.0, 0.0, 0.0, 0.0, 0.0, 0.0, 0.0, 0.0, 0.0, 0.0, 0.0, 0.0, 0.0, 0.0, 0.0, 0.0, 0.0, 0.0, 0.0, 0.0, 0.0, 0.0, 0.0, 0.0, 0.0, 0.0, 0.0, 0.0, 0.0, 0.0, 0.0, 0.0, 0.0, 0.0, 0.0, 0.0, 0.0, 0.0, 0.0, 0.0, 0.0, 0.0, 0.0, 0.0, 0.0, 0.0, 0.0, 0.0, 0.0, 0.0, 0.0, 0.0, 0.0, 0.0, 0.0, 0.0, 0.0, 0.0, 0.0, 0.0, 0.0, 0.0, 0.0, 0.0, 0.0, 0.0, 0.0, 0.0, 0.0, 0.0, 0.0, 0.0, 0.0, 0.0, 0.0, 0.0, 0.0, 0.0, 0.0, 0.0, 0.0, 0.0, 0.0, 0.0, 0.0, 0.0, 0.0, 0.0, 0.0, 0.0, 0.0, 0.0, 0.0, 0.0, 0.0, 0.0]","[0.6661402583122253, 0.6730386018753052, 0.6591667532920837, 0.7112107276916504, 0.66352379322052, 0.6859537363052368, 0.6730311512947083, 0.6806851029396057, 0.6771904230117798, 0.712007999420166, 0.6659773588180542, 0.6607435941696167, 0.6800209283828735, 0.6651498079299927, 0.6706030368804932, 0.6802018880844116, 0.6703891754150391, 0.6701487302780151, 0.7156937122344971, 0.6599773168563843, 0.6745567321777344, 0.6720774173736572, 0.672809362411499, 0.6745133399963379, 0.6762053966522217, 0.66524738073349, 0.6820835471153259, 0.7137486934661865, 0.7109442949295044, 0.666589081287384, 0.7002195119857788, 0.66318678855896, 0.720565676689148, 0.6667386889457703, 0.6741838455200195, 0.7065461874008179, 0.6723135709762573, 0.6760917901992798, 0.6748616695404053, 0.6737469434738159, 0.7127797603607178, 0.6777651309967041, 0.6828966736793518, 0.6810466051101685, 0.6766647696495056, 0.6708695888519287, 0.6789941787719727, 0.6802412867546082, 0.7125446200370789, 0.7013972997665405, 0.6667918562889099, 0.6736412644386292, 0.6732033491134644, 0.6751291751861572, 0.6824508905410767, 0.668029248714447, 0.6676775217056274, 0.6817682981491089, 0.663996160030365, 0.6808523535728455, 0.6799492835998535, 0.6696231365203857, 0.713179349899292, 0.7093596458435059, 0.681357741355896, 0.6597290635108948, 0.6700745820999146, 0.6783350706100464, 0.6687231063842773, 0.7167264223098755, 0.6836816072463989, 0.6752495765686035, 0.657699465751648, 0.7054973840713501, 0.6980818510055542, 0.7085211277008057, 0.7130201458930969, 0.7138873338699341, 0.6660822629928589, 0.7216091156005859, 0.6779748201370239, 0.673225998878479, 0.674632728099823, 0.7092713117599487, 0.6582464575767517, 0.7175525426864624, 0.704845666885376, 0.6735063791275024, 0.6799098253250122, 0.6700423359870911, 0.6788526773452759, 0.673901379108429, 0.669850766658783, 0.7171111106872559, 0.6824986934661865, 0.6853780746459961, 0.6635180711746216, 0.6584169268608093, 0.6619884967803955, 0.7156081199645996]",0,set(),"[0.75, 0.9166666865348816, 0.75, 0.1666666716337204, 0.8333333134651184, 0.5833333134651184, 0.75, 0.75, 0.9166666865348816, 0.25, 0.9166666865348816, 0.9166666865348816, 0.75, 0.8333333134651184, 1.0, 0.6666666865348816, 0.9166666865348816, 0.8333333134651184, 0.0833333358168602, 0.9166666865348816, 0.9166666865348816, 0.9166666865348816, 0.9166666865348816, 0.75, 0.6666666865348816, 0.9166666865348816, 0.75, 0.1666666716337204, 0.1666666716337204, 1.0, 0.5833333134651184, 0.9166666865348816, 0.25, 0.8333333134651184, 0.6666666865348816, 0.5, 0.9166666865348816, 0.8333333134651184, 0.75, 0.9166666865348816, 0.4166666567325592, 0.8333333134651184, 0.6666666865348816, 0.9166666865348816, 0.8333333134651184, 0.8333333134651184, 0.9166666865348816, 0.9166666865348816, 0.3333333432674408, 0.6666666865348816, 0.9166666865348816, 0.9166666865348816, 0.8333333134651184, 0.9166666865348816, 0.6666666865348816, 0.8333333134651184, 1.0, 0.8333333134651184, 1.0, 0.6666666865348816, 0.75, 0.9166666865348816, 0.25, 0.3333333432674408, 0.6666666865348816, 0.9166666865348816, 0.6666666865348816, 0.8333333134651184, 0.8333333134651184, 0.1666666716337204, 0.75, 0.8333333134651184, 0.9166666865348816, 0.5833333134651184, 0.6666666865348816, 0.4166666567325592, 0.1666666716337204, 0.3333333432674408, 1.0, 0.0, 0.6666666865348816, 0.8333333134651184, 0.8333333134651184, 0.3333333432674408, 0.9166666865348816, 0.1666666716337204, 0.5, 0.8333333134651184, 0.75, 0.75, 0.9166666865348816, 0.9166666865348816, 0.9166666865348816, 0.1666666716337204, 0.75, 0.8333333134651184, 0.6666666865348816, 0.9166666865348816, 0.8333333134651184, 0.25]","[0.7626477479934692, 0.8236406445503235, 0.7645390033721924, 0.730969250202179, 0.7739952802658081, 0.8643025755882263, 0.8274231553077698, 0.8453900814056396, 0.8387706875801086, 0.7338061332702637, 0.8052009344100952, 0.722931444644928, 0.8491725921630859, 0.764066219329834, 0.8085106611251831, 0.8397163152694702, 0.8037825226783752, 0.8014184236526489, 0.7238770723342896, 0.7527186870574951, 0.8174940943717957, 0.8245862722396851, 0.8340425491333008, 0.8245862722396851, 0.8316785097122192, 0.7569739818572998, 0.8576832413673401, 0.742789626121521, 0.7153664231300354, 0.80661940574646, 0.6349881887435913, 0.7806146740913391, 0.7541370987892151, 0.7943262457847595, 0.800000011920929, 0.686997652053833, 0.8354610204696655, 0.8354610204696655, 0.8250591158866882, 0.8160756230354309, 0.7021276354789734, 0.8241134881973267, 0.8496453762054443, 0.8595744967460632, 0.8368794322013855, 0.8052009344100952, 0.8477541208267212, 0.8501182198524475, 0.7271867394447327, 0.6425532102584839, 0.7626477479934692, 0.80661940574646, 0.7976359128952026, 0.845862865447998, 0.8416075706481934, 0.7697399258613586, 0.8212766051292419, 0.8463357090950012, 0.7607564926147461, 0.8401890993118286, 0.8430259823799133, 0.827895998954773, 0.7300236225128174, 0.6983451247215271, 0.8326241374015808, 0.7479905486106873, 0.7858155965805054, 0.8307328820228577, 0.778723418712616, 0.7758865356445312, 0.845862865447998, 0.8174940943717957, 0.7739952802658081, 0.6756501197814941, 0.6387706995010376, 0.6898345351219177, 0.7862884402275085, 0.73758864402771, 0.800000011920929, 0.7938534021377563, 0.8378250598907471, 0.800000011920929, 0.8236406445503235, 0.7248227000236511, 0.7730496525764465, 0.7333333492279053, 0.6643025875091553, 0.8160756230354309, 0.8543735146522522, 0.8222222328186035, 0.8411347270011902, 0.8108747005462646, 0.8151299953460693, 0.7456264495849609, 0.8449172377586365, 0.8624113202095032, 0.7494089603424072, 0.7479905486106873, 0.7252954840660095, 0.7205674052238464]",0.7049999833106995,0.7877305746078491,0.8344444632530212,0.8344444632530212,0.3166666626930237,0.7163876891136169,0.7891252955082743,0.2113184928894043
18,100,100,0,24,76,"[0.0, 0.0, 0.0, 0.0, 0.0, 0.0, 0.0, 0.0, 0.0, 0.0, 0.0, 0.0, 0.0, 0.0, 0.0, 0.0, 0.0, 0.0, 0.0, 0.0, 0.0, 0.0, 0.0, 0.0, 0.0, 0.0, 0.0, 0.0, 0.0, 0.0, 0.0, 0.0, 0.0, 0.0, 0.0, 0.0, 0.0, 0.0, 0.0, 0.0, 0.0, 0.0, 0.0, 0.0, 0.0, 0.0, 0.0, 0.0, 0.0, 0.0, 0.0, 0.0, 0.0, 0.0, 0.0, 0.0, 0.0, 0.0, 0.0, 0.0, 0.0, 0.0, 0.0, 0.0, 0.0, 0.0, 0.0, 0.0, 0.0, 0.0, 0.0, 0.0, 0.0, 0.0, 0.0, 0.0, 0.0, 0.0, 0.0, 0.0, 0.0, 0.0, 0.0, 0.0, 0.0, 0.0, 0.0, 0.0, 0.0, 0.0, 0.0, 0.0, 0.0, 0.0, 0.0, 0.0, 0.0, 0.0, 0.0, 0.0]","[0.666905403137207, 0.7061929702758789, 0.6692047119140625, 0.6739711761474609, 0.681052565574646, 0.7280980348587036, 0.6693766117095947, 0.6630429029464722, 0.6763694882392883, 0.6786911487579346, 0.6818958520889282, 0.7062555551528931, 0.6592893600463867, 0.664616584777832, 0.6880627870559692, 0.6595953106880188, 0.6532632112503052, 0.7014058828353882, 0.6676260232925415, 0.6546900272369385, 0.6696624755859375, 0.6733437776565552, 0.6674997806549072, 0.6538265943527222, 0.6645965576171875, 0.6670132875442505, 0.7067780494689941, 0.6708632707595825, 0.6595050692558289, 0.665207028388977, 0.6633095145225525, 0.6800856590270996, 0.6646963357925415, 0.6658836603164673, 0.6767535209655762, 0.6763263940811157, 0.6857830286026001, 0.702887773513794, 0.708748459815979, 0.6795608997344971, 0.6681921482086182, 0.7153236269950867, 0.6602251529693604, 0.7098824977874756, 0.7076289653778076, 0.6619216799736023, 0.6718201637268066, 0.678146243095398, 0.679826021194458, 0.6632756590843201, 0.6724672317504883, 0.7245593070983887, 0.6782786846160889, 0.6709482073783875, 0.6719360947608948, 0.6627886295318604, 0.7174482345581055, 0.670147180557251, 0.7304484844207764, 0.6787784099578857, 0.6612547636032104, 0.6696240901947021, 0.65711510181427, 0.6848634481430054, 0.712802529335022, 0.6752756834030151, 0.7057685852050781, 0.6693347692489624, 0.6993343234062195, 0.6698011755943298, 0.6649202108383179, 0.7008915543556213, 0.7088137865066528, 0.6754447817802429, 0.700793981552124, 0.6733194589614868, 0.6784206628799438, 0.6683736443519592, 0.6768947243690491, 0.7102091312408447, 0.6621688604354858, 0.6678950786590576, 0.6662046909332275, 0.7079421877861023, 0.6776172518730164, 0.6810171604156494, 0.70790034532547, 0.6708096265792847, 0.6777035593986511, 0.6719212532043457, 0.717357873916626, 0.6848280429840088, 0.6625494956970215, 0.6753652095794678, 0.709886908531189, 0.6785168647766113, 0.6723835468292236, 0.6687875986099243, 0.6702747344970703, 0.6735771894454956]",0,set(),"[0.9166666865348816, 0.4166666567325592, 1.0, 0.8333333134651184, 0.75, 0.0, 0.9166666865348816, 0.8333333134651184, 0.9166666865348816, 0.9166666865348816, 0.5, 0.4166666567325592, 0.9166666865348816, 1.0, 0.6666666865348816, 0.8333333134651184, 1.0, 0.5, 0.75, 0.8333333134651184, 0.8333333134651184, 0.8333333134651184, 0.8333333134651184, 0.9166666865348816, 1.0, 0.9166666865348816, 0.5, 0.9166666865348816, 0.9166666865348816, 0.9166666865348816, 0.8333333134651184, 0.6666666865348816, 0.75, 0.8333333134651184, 0.6666666865348816, 0.8333333134651184, 0.6666666865348816, 0.75, 0.3333333432674408, 1.0, 1.0, 0.25, 0.9166666865348816, 0.25, 0.3333333432674408, 0.9166666865348816, 0.8333333134651184, 0.6666666865348816, 0.75, 0.8333333134651184, 0.6666666865348816, 0.0, 0.9166666865348816, 0.9166666865348816, 0.8333333134651184, 0.8333333134651184, 0.1666666716337204, 0.8333333134651184, 0.0833333358168602, 0.8333333134651184, 0.9166666865348816, 0.75, 0.9166666865348816, 0.5833333134651184, 0.1666666716337204, 0.8333333134651184, 0.5, 1.0, 0.6666666865348816, 0.9166666865348816, 0.9166666865348816, 0.5833333134651184, 0.25, 0.75, 0.6666666865348816, 0.9166666865348816, 1.0, 0.8333333134651184, 0.8333333134651184, 0.3333333432674408, 0.9166666865348816, 0.8333333134651184, 0.8333333134651184, 0.3333333432674408, 0.9166666865348816, 0.75, 0.5, 0.8333333134651184, 0.9166666865348816, 0.8333333134651184, 0.1666666716337204, 0.5833333134651184, 0.8333333134651184, 0.9166666865348816, 0.4166666567325592, 0.75, 0.75, 1.0, 0.75, 0.6666666865348816]","[0.8089834451675415, 0.7158392667770386, 0.8382978439331055, 0.8245862722396851, 0.8628841638565063, 0.8146572113037109, 0.8269503712654114, 0.7744680643081665, 0.834515392780304, 0.8600472807884216, 0.8600472807884216, 0.7021276354789734, 0.7862884402275085, 0.8231678605079651, 0.8765957355499268, 0.7612293362617493, 0.7659574747085571, 0.6813238859176636, 0.8326241374015808, 0.7565011978149414, 0.8387706875801086, 0.8335697650909424, 0.8075650334358215, 0.7867612242698669, 0.7881796956062317, 0.8141843676567078, 0.7205674052238464, 0.8127659559249878, 0.7867612242698669, 0.8052009344100952, 0.7929077744483948, 0.8586288690567017, 0.8141843676567078, 0.8184397220611572, 0.8496453762054443, 0.8416075706481934, 0.8784869909286499, 0.6969267129898071, 0.7328605055809021, 0.8586288690567017, 0.8368794322013855, 0.7621749639511108, 0.7650118470191956, 0.6988179683685303, 0.7456264495849609, 0.7985815405845642, 0.7971631288528442, 0.8486997485160828, 0.8557919859886169, 0.7862884402275085, 0.8260047435760498, 0.8052009344100952, 0.8477541208267212, 0.827895998954773, 0.8364066481590271, 0.7829787135124207, 0.7593380808830261, 0.8264775276184082, 0.7905437350273132, 0.8595744967460632, 0.7754136919975281, 0.80661940574646, 0.785342812538147, 0.8723404407501221, 0.7617021203041077, 0.8472813367843628, 0.7125295400619507, 0.8510638475418091, 0.6846335530281067, 0.8174940943717957, 0.7763593196868896, 0.6780141592025757, 0.7026004791259766, 0.852482259273529, 0.688416063785553, 0.8482269644737244, 0.8586288690567017, 0.8217493891716003, 0.8529551029205322, 0.716312050819397, 0.8094562888145447, 0.80661940574646, 0.8302600383758545, 0.7200945615768433, 0.8567376136779785, 0.873758852481842, 0.7356973886489868, 0.845862865447998, 0.8657210469245911, 0.827895998954773, 0.7773049473762512, 0.8780142068862915, 0.7900709509849548, 0.8482269644737244, 0.7182033061981201, 0.8657210469245911, 0.8293144106864929, 0.8434988260269165, 0.8089834451675415, 0.8250591158866882]",0.7250000238418579,0.8026760816574097,0.8410087823867798,0.8410087823867798,0.3576388657093048,0.7300630211830139,0.810401891252955,0.11217308044433594
19,100,100,0,30,70,"[0.0, 0.0, 0.0, 0.0, 0.0, 0.0, 0.0, 0.0, 0.0, 0.0, 0.0, 0.0, 0.0, 0.0, 0.0, 0.0, 0.0, 0.0, 0.0, 0.0, 0.0, 0.0, 0.0, 0.0, 0.0, 0.0, 0.0, 0.0, 0.0, 0.0, 0.0, 0.0, 0.0, 0.0, 0.0, 0.0, 0.0, 0.0, 0.0, 0.0, 0.0, 0.0, 0.0, 0.0, 0.0, 0.0, 0.0, 0.0, 0.0, 0.0, 0.0, 0.0, 0.0, 0.0, 0.0, 0.0, 0.0, 0.0, 0.0, 0.0, 0.0, 0.0, 0.0, 0.0, 0.0, 0.0, 0.0, 0.0, 0.0, 0.0, 0.0, 0.0, 0.0, 0.0, 0.0, 0.0, 0.0, 0.0, 0.0, 0.0, 0.0, 0.0, 0.0, 0.0, 0.0, 0.0, 0.0, 0.0, 0.0, 0.0, 0.0, 0.0, 0.0, 0.0, 0.0, 0.0, 0.0, 0.0, 0.0, 0.0]","[0.7115275859832764, 0.6647946834564209, 0.711503267288208, 0.6533981561660767, 0.731216549873352, 0.7024328112602234, 0.7084438800811768, 0.6638076305389404, 0.6840474605560303, 0.662492573261261, 0.6669502258300781, 0.6697075963020325, 0.6720062494277954, 0.6573742032051086, 0.6787792444229126, 0.6608579754829407, 0.6580077409744263, 0.678683876991272, 0.7199104428291321, 0.6593753695487976, 0.7150916457176208, 0.7258235812187195, 0.7256105542182922, 0.6729574799537659, 0.6687541007995605, 0.713255763053894, 0.709009051322937, 0.6591382026672363, 0.7149434089660645, 0.6656746864318848, 0.6775764226913452, 0.7122753262519836, 0.7049187421798706, 0.6787562966346741, 0.7305833101272583, 0.6670691967010498, 0.6693819761276245, 0.7070407867431641, 0.7286345958709717, 0.7094365358352661, 0.6737486124038696, 0.6731087565422058, 0.6615339517593384, 0.6736520528793335, 0.677457332611084, 0.6630977392196655, 0.6717491745948792, 0.6740158796310425, 0.6771864891052246, 0.6633679866790771, 0.7090728878974915, 0.6630849838256836, 0.662800669670105, 0.7119588851928711, 0.7098336815834045, 0.6770716905593872, 0.6728898286819458, 0.7122121453285217, 0.6763501763343811, 0.7151185274124146, 0.7226008176803589, 0.6706475019454956, 0.6776441335678101, 0.6769938468933105, 0.7149497270584106, 0.673733115196228, 0.7152646780014038, 0.6696411371231079, 0.6744124889373779, 0.6774579286575317, 0.6701480746269226, 0.6798417568206787, 0.6766292452812195, 0.6661168932914734, 0.659229040145874, 0.670872688293457, 0.7033520340919495, 0.7206920981407166, 0.669609546661377, 0.6764596700668335, 0.6775963306427002, 0.6578584313392639, 0.6538295149803162, 0.6597977876663208, 0.6693925261497498, 0.7004367709159851, 0.6520299911499023, 0.6624195575714111, 0.6668651700019836, 0.6683688163757324, 0.6684412956237793, 0.6706181764602661, 0.7172133326530457, 0.6517008543014526, 0.6653177738189697, 0.6595606803894043, 0.6744357347488403, 0.6788161993026733, 0.6717058420181274, 0.6780922412872314]",0,set(),"[0.0833333358168602, 0.9166666865348816, 0.3333333432674408, 0.8333333134651184, 0.0833333358168602, 0.4166666567325592, 0.25, 0.8333333134651184, 0.9166666865348816, 0.8333333134651184, 0.9166666865348816, 0.8333333134651184, 0.8333333134651184, 0.9166666865348816, 0.8333333134651184, 0.9166666865348816, 0.9166666865348816, 0.75, 0.1666666716337204, 0.9166666865348816, 0.3333333432674408, 0.0833333358168602, 0.1666666716337204, 0.75, 1.0, 0.25, 0.5, 0.9166666865348816, 0.1666666716337204, 0.8333333134651184, 0.9166666865348816, 0.25, 0.4166666567325592, 0.8333333134651184, 0.0833333358168602, 0.9166666865348816, 0.75, 0.5833333134651184, 0.25, 0.4166666567325592, 1.0, 0.9166666865348816, 0.9166666865348816, 0.8333333134651184, 0.8333333134651184, 0.9166666865348816, 0.9166666865348816, 0.75, 0.6666666865348816, 0.6666666865348816, 0.5, 0.8333333134651184, 1.0, 0.25, 0.25, 0.75, 0.9166666865348816, 0.25, 0.6666666865348816, 0.1666666716337204, 0.1666666716337204, 0.75, 0.8333333134651184, 0.6666666865348816, 0.0833333358168602, 0.8333333134651184, 0.3333333432674408, 1.0, 0.8333333134651184, 0.9166666865348816, 0.8333333134651184, 0.8333333134651184, 1.0, 0.8333333134651184, 0.8333333134651184, 0.8333333134651184, 0.6666666865348816, 0.0833333358168602, 1.0, 0.6666666865348816, 0.8333333134651184, 0.9166666865348816, 1.0, 0.8333333134651184, 0.8333333134651184, 0.75, 0.8333333134651184, 0.8333333134651184, 0.75, 0.75, 0.6666666865348816, 0.9166666865348816, 0.1666666716337204, 1.0, 0.8333333134651184, 0.9166666865348816, 0.75, 0.9166666865348816, 0.75, 0.8333333134651184]","[0.7583924531936646, 0.8368794322013855, 0.7843971848487854, 0.7895981073379517, 0.8312056660652161, 0.703073263168335, 0.7347517609596252, 0.8359338045120239, 0.8822695016860962, 0.827895998954773, 0.839243471622467, 0.8364066481590271, 0.8591016530990601, 0.7560283541679382, 0.8581560254096985, 0.7929077744483948, 0.8099290728569031, 0.867139458656311, 0.7815603017807007, 0.8302600383758545, 0.7456264495849609, 0.8373522162437439, 0.7730496525764465, 0.8624113202095032, 0.8335697650909424, 0.8198581337928772, 0.7541370987892151, 0.7957446575164795, 0.785342812538147, 0.8449172377586365, 0.8661938309669495, 0.7347517609596252, 0.7130023837089539, 0.8718675971031189, 0.8217493891716003, 0.8411347270011902, 0.8515366315841675, 0.7314420938491821, 0.8368794322013855, 0.7286052107810974, 0.8595744967460632, 0.8624113202095032, 0.8141843676567078, 0.8576832413673401, 0.867139458656311, 0.8397163152694702, 0.8482269644737244, 0.8643025755882263, 0.8600472807884216, 0.8094562888145447, 0.7612293362617493, 0.8156028389930725, 0.8085106611251831, 0.7725768089294434, 0.7281323671340942, 0.8652482032775879, 0.8595744967460632, 0.7777777910232544, 0.8657210469245911, 0.7617021203041077, 0.8033096790313721, 0.8411347270011902, 0.8534278869628906, 0.8695035576820374, 0.7555555701255798, 0.8647754192352295, 0.73617023229599, 0.8501182198524475, 0.8690307140350342, 0.8680850863456726, 0.8472813367843628, 0.8704491853713989, 0.8628841638565063, 0.8023640513420105, 0.817966878414154, 0.8539007306098938, 0.7007092237472534, 0.8226950168609619, 0.8453900814056396, 0.8695035576820374, 0.8713948130607605, 0.8122931718826294, 0.8047281503677368, 0.8122931718826294, 0.8496453762054443, 0.6988179683685303, 0.7739952802658081, 0.7952718734741211, 0.8382978439331055, 0.8250591158866882, 0.8416075706481934, 0.8373522162437439, 0.7910165190696716, 0.7692671418190002, 0.8250591158866882, 0.8052009344100952, 0.8709219694137573, 0.8713948130607605, 0.8600472807884216, 0.8761229515075684]",0.6800000071525574,0.8179716467857361,0.8500000238418579,0.8500000238418579,0.28333336114883423,0.7661623358726501,0.8231678486997636,0.20754432678222656
20,100,100,0,31,69,"[0.0, 0.0, 0.0, 0.0, 0.0, 0.0, 0.0, 0.0, 0.0, 0.0, 0.0, 0.0, 0.0, 0.0, 0.0, 0.0, 0.0, 0.0, 0.0, 0.0, 0.0, 0.0, 0.0, 0.0, 0.0, 0.0, 0.0, 0.0, 0.0, 0.0, 0.0, 0.0, 0.0, 0.0, 0.0, 0.0, 0.0, 0.0, 0.0, 0.0, 0.0, 0.0, 0.0, 0.0, 0.0, 0.0, 0.0, 0.0, 0.0, 0.0, 0.0, 0.0, 0.0, 0.0, 0.0, 0.0, 0.0, 0.0, 0.0, 0.0, 0.0, 0.0, 0.0, 0.0, 0.0, 0.0, 0.0, 0.0, 0.0, 0.0, 0.0, 0.0, 0.0, 0.0, 0.0, 0.0, 0.0, 0.0, 0.0, 0.0, 0.0, 0.0, 0.0, 0.0, 0.0, 0.0, 0.0, 0.0, 0.0, 0.0, 0.0, 0.0, 0.0, 0.0, 0.0, 0.0, 0.0, 0.0, 0.0, 0.0]","[0.6603269577026367, 0.6750428676605225, 0.6661540865898132, 0.661245584487915, 0.6790390014648438, 0.6705442667007446, 0.6615719795227051, 0.6728657484054565, 0.7080248594284058, 0.6629383563995361, 0.7097147703170776, 0.7166203260421753, 0.6583460569381714, 0.6718525886535645, 0.6711035966873169, 0.6716247797012329, 0.6795055866241455, 0.6792503595352173, 0.6636223793029785, 0.6658341884613037, 0.7033248543739319, 0.6707985401153564, 0.6512854099273682, 0.667189359664917, 0.6636878252029419, 0.6708267331123352, 0.6612906455993652, 0.7134164571762085, 0.657199501991272, 0.6746232509613037, 0.6661163568496704, 0.6774603724479675, 0.7287699580192566, 0.7086888551712036, 0.6615536212921143, 0.6584397554397583, 0.6608172059059143, 0.6788789629936218, 0.7108619213104248, 0.716627836227417, 0.6673949956893921, 0.6780532002449036, 0.6580872535705566, 0.6606590747833252, 0.6760503053665161, 0.6651343703269958, 0.6644763946533203, 0.7103569507598877, 0.6761500239372253, 0.7242045402526855, 0.674999475479126, 0.7146333456039429, 0.7219690084457397, 0.6702715754508972, 0.7123723030090332, 0.7087559700012207, 0.6757336854934692, 0.6738700866699219, 0.6717879772186279, 0.7187596559524536, 0.6692657470703125, 0.6745603680610657, 0.7208983898162842, 0.6722441911697388, 0.7303899526596069, 0.7127394676208496, 0.6720746755599976, 0.6822657585144043, 0.6675681471824646, 0.6615155935287476, 0.7195912599563599, 0.672623872756958, 0.7080715298652649, 0.6608150005340576, 0.7288573980331421, 0.6643499135971069, 0.7031682729721069, 0.6620872020721436, 0.6754720211029053, 0.7150163054466248, 0.7206330299377441, 0.7179368734359741, 0.6656677722930908, 0.6663894057273865, 0.6756819486618042, 0.6679867506027222, 0.7171472311019897, 0.6723736524581909, 0.7114125490188599, 0.6709189414978027, 0.6669574975967407, 0.6754493713378906, 0.6678611040115356, 0.6697176694869995, 0.6780981421470642, 0.7259514331817627, 0.7196179628372192, 0.7061547040939331, 0.6748940348625183, 0.6651708483695984]",0,set(),"[0.8333333134651184, 0.9166666865348816, 0.9166666865348816, 0.9166666865348816, 0.6666666865348816, 0.9166666865348816, 0.8333333134651184, 0.75, 0.5833333134651184, 0.75, 0.5, 0.3333333432674408, 1.0, 0.6666666865348816, 0.9166666865348816, 0.9166666865348816, 0.8333333134651184, 0.9166666865348816, 0.9166666865348816, 0.75, 0.3333333432674408, 1.0, 0.9166666865348816, 0.9166666865348816, 1.0, 0.6666666865348816, 0.9166666865348816, 0.25, 0.9166666865348816, 1.0, 0.8333333134651184, 0.8333333134651184, 0.0, 0.25, 0.9166666865348816, 1.0, 0.8333333134651184, 0.8333333134651184, 0.3333333432674408, 0.25, 0.8333333134651184, 0.8333333134651184, 0.8333333134651184, 0.9166666865348816, 0.8333333134651184, 0.8333333134651184, 1.0, 0.5, 0.8333333134651184, 0.1666666716337204, 0.8333333134651184, 0.3333333432674408, 0.3333333432674408, 0.8333333134651184, 0.4166666567325592, 0.3333333432674408, 0.9166666865348816, 0.9166666865348816, 0.8333333134651184, 0.25, 0.9166666865348816, 0.8333333134651184, 0.1666666716337204, 0.6666666865348816, 0.25, 0.0833333358168602, 0.9166666865348816, 0.9166666865348816, 0.9166666865348816, 0.75, 0.3333333432674408, 1.0, 0.3333333432674408, 0.8333333134651184, 0.0833333358168602, 0.8333333134651184, 0.5, 0.9166666865348816, 0.8333333134651184, 0.0833333358168602, 0.1666666716337204, 0.25, 0.8333333134651184, 0.9166666865348816, 0.8333333134651184, 0.8333333134651184, 0.1666666716337204, 0.8333333134651184, 0.25, 0.75, 0.9166666865348816, 0.9166666865348816, 0.9166666865348816, 0.75, 0.8333333134651184, 0.3333333432674408, 0.1666666716337204, 0.4166666567325592, 0.9166666865348816, 1.0]","[0.8208037614822388, 0.8770685791969299, 0.8600472807884216, 0.8226950168609619, 0.8709219694137573, 0.8624113202095032, 0.8288416266441345, 0.8751773238182068, 0.7513002157211304, 0.8349881768226624, 0.729550838470459, 0.7966902852058411, 0.8378250598907471, 0.8586288690567017, 0.8713948130607605, 0.8709219694137573, 0.8841607570648193, 0.8898345232009888, 0.8174940943717957, 0.8411347270011902, 0.7267139554023743, 0.8728132247924805, 0.8118203282356262, 0.8463357090950012, 0.8496453762054443, 0.8628841638565063, 0.8108747005462646, 0.7962175011634827, 0.8208037614822388, 0.8794326186180115, 0.8647754192352295, 0.873758852481842, 0.8411347270011902, 0.7432624101638794, 0.8283687829971313, 0.8094562888145447, 0.8430259823799133, 0.8732860684394836, 0.7678486704826355, 0.8033096790313721, 0.8586288690567017, 0.8832151293754578, 0.8274231553077698, 0.8416075706481934, 0.8832151293754578, 0.8231678605079651, 0.867139458656311, 0.7735224366188049, 0.8827423453330994, 0.7976359128952026, 0.8799054622650146, 0.7555555701255798, 0.8241134881973267, 0.8572103977203369, 0.7541370987892151, 0.7238770723342896, 0.8789598345756531, 0.845862865447998, 0.873758852481842, 0.8156028389930725, 0.8543735146522522, 0.8756501078605652, 0.7952718734741211, 0.8477541208267212, 0.8496453762054443, 0.7791962027549744, 0.8747044801712036, 0.8865247964859009, 0.8543735146522522, 0.8434988260269165, 0.7971631288528442, 0.8695035576820374, 0.7390071153640747, 0.8373522162437439, 0.8297872543334961, 0.8269503712654114, 0.7276595830917358, 0.8576832413673401, 0.8520094752311707, 0.8174940943717957, 0.80661940574646, 0.7867612242698669, 0.8269503712654114, 0.8335697650909424, 0.8765957355499268, 0.8619385361671448, 0.8439716100692749, 0.867139458656311, 0.7408983707427979, 0.8609929084777832, 0.8529551029205322, 0.8765957355499268, 0.8628841638565063, 0.8581560254096985, 0.8865247964859009, 0.8250591158866882, 0.7678486704826355, 0.7342789769172668, 0.8661938309669495, 0.8562647700309753]",0.6858332753181458,0.8328274488449097,0.8671497702598572,0.8671497702598572,0.2822580635547638,0.7819721102714539,0.8411347517730496,0.2112596035003662
21,100,100,0,28,72,"[0.0, 0.0, 0.0, 0.0, 0.0, 0.0, 0.0, 0.0, 0.0, 0.0, 0.0, 0.0, 0.0, 0.0, 0.0, 0.0, 0.0, 0.0, 0.0, 0.0, 0.0, 0.0, 0.0, 0.0, 0.0, 0.0, 0.0, 0.0, 0.0, 0.0, 0.0, 0.0, 0.0, 0.0, 0.0, 0.0, 0.0, 0.0, 0.0, 0.0, 0.0, 0.0, 0.0, 0.0, 0.0, 0.0, 0.0, 0.0, 0.0, 0.0, 0.0, 0.0, 0.0, 0.0, 0.0, 0.0, 0.0, 0.0, 0.0, 0.0, 0.0, 0.0, 0.0, 0.0, 0.0, 0.0, 0.0, 0.0, 0.0, 0.0, 0.0, 0.0, 0.0, 0.0, 0.0, 0.0, 0.0, 0.0, 0.0, 0.0, 0.0, 0.0, 0.0, 0.0, 0.0, 0.0, 0.0, 0.0, 0.0, 0.0, 0.0, 0.0, 0.0, 0.0, 0.0, 0.0, 0.0, 0.0, 0.0, 0.0]","[0.6770642399787903, 0.6558157205581665, 0.7138120532035828, 0.7062650322914124, 0.6716915369033813, 0.7071647047996521, 0.6636110544204712, 0.6710608005523682, 0.6639864444732666, 0.7176163196563721, 0.7145432233810425, 0.657561182975769, 0.7345371246337891, 0.6498059034347534, 0.6650357246398926, 0.7212449312210083, 0.6593273878097534, 0.6682201623916626, 0.7210845947265625, 0.6755924224853516, 0.6668210625648499, 0.6739832162857056, 0.6763790845870972, 0.7292982935905457, 0.7068115472793579, 0.6641300320625305, 0.6752145290374756, 0.6716217994689941, 0.6720553636550903, 0.6588513851165771, 0.7179015874862671, 0.7234134674072266, 0.6751819849014282, 0.725367546081543, 0.6596331000328064, 0.6543176174163818, 0.7098894119262695, 0.6469659805297852, 0.6733132004737854, 0.6666688323020935, 0.6686246395111084, 0.6567214727401733, 0.6739559173583984, 0.6635951995849609, 0.653247594833374, 0.7200920581817627, 0.6748214960098267, 0.6498958468437195, 0.7152089476585388, 0.6612676382064819, 0.6630682945251465, 0.6752791404724121, 0.6728488206863403, 0.6652482748031616, 0.6774661540985107, 0.7213902473449707, 0.7285654544830322, 0.6667102575302124, 0.6611831188201904, 0.6748174428939819, 0.7214789986610413, 0.664897620677948, 0.7220665216445923, 0.6682503819465637, 0.6695561408996582, 0.6680201292037964, 0.6739801168441772, 0.653957724571228, 0.6654171943664551, 0.6750919222831726, 0.6808852553367615, 0.7101948261260986, 0.6641356348991394, 0.6779749393463135, 0.6731624603271484, 0.6657767295837402, 0.6602630019187927, 0.6537963151931763, 0.7293143272399902, 0.6681132912635803, 0.7206518650054932, 0.7238703966140747, 0.6783329844474792, 0.6590055227279663, 0.668131947517395, 0.6584569215774536, 0.6572755575180054, 0.6601220369338989, 0.6820518970489502, 0.7299996614456177, 0.6670228242874146, 0.7172517776489258, 0.6798356175422668, 0.6718922853469849, 0.6748718023300171, 0.6770117878913879, 0.6687890291213989, 0.7122777104377747, 0.6860044002532959, 0.7231979370117188]",0,set(),"[0.75, 0.9166666865348816, 0.25, 0.4166666567325592, 0.9166666865348816, 0.4166666567325592, 0.9166666865348816, 0.6666666865348816, 0.9166666865348816, 0.1666666716337204, 0.25, 1.0, 0.0833333358168602, 0.8333333134651184, 0.9166666865348816, 0.1666666716337204, 1.0, 1.0, 0.0833333358168602, 0.8333333134651184, 1.0, 0.9166666865348816, 0.8333333134651184, 0.1666666716337204, 0.4166666567325592, 0.8333333134651184, 0.9166666865348816, 0.75, 0.9166666865348816, 0.9166666865348816, 0.25, 0.3333333432674408, 0.8333333134651184, 0.25, 0.8333333134651184, 0.8333333134651184, 0.3333333432674408, 1.0, 0.8333333134651184, 0.9166666865348816, 0.9166666865348816, 1.0, 0.9166666865348816, 0.9166666865348816, 0.9166666865348816, 0.1666666716337204, 0.9166666865348816, 0.8333333134651184, 0.25, 0.9166666865348816, 0.9166666865348816, 0.9166666865348816, 0.9166666865348816, 0.6666666865348816, 0.75, 0.1666666716337204, 0.0833333358168602, 0.8333333134651184, 0.9166666865348816, 0.9166666865348816, 0.3333333432674408, 0.75, 0.0833333358168602, 0.9166666865348816, 1.0, 1.0, 0.9166666865348816, 0.8333333134651184, 1.0, 1.0, 0.8333333134651184, 0.3333333432674408, 1.0, 0.75, 0.6666666865348816, 1.0, 1.0, 1.0, 0.0833333358168602, 0.6666666865348816, 0.1666666716337204, 0.25, 0.9166666865348816, 0.9166666865348816, 0.8333333134651184, 0.8333333134651184, 0.9166666865348816, 0.9166666865348816, 0.75, 0.0, 1.0, 0.1666666716337204, 0.8333333134651184, 1.0, 0.75, 0.8333333134651184, 0.8333333134651184, 0.1666666716337204, 0.8333333134651184, 0.1666666716337204]","[0.8855791687965393, 0.8061465620994568, 0.7777777910232544, 0.7470449209213257, 0.8917257785797119, 0.7517730593681335, 0.8761229515075684, 0.8609929084777832, 0.8491725921630859, 0.8231678605079651, 0.8174940943717957, 0.8335697650909424, 0.8515366315841675, 0.8255318999290466, 0.8539007306098938, 0.8236406445503235, 0.8576832413673401, 0.8713948130607605, 0.8137115836143494, 0.8917257785797119, 0.8496453762054443, 0.8827423453330994, 0.895035445690155, 0.8520094752311707, 0.7531914710998535, 0.8576832413673401, 0.8898345232009888, 0.8723404407501221, 0.880378246307373, 0.8472813367843628, 0.8236406445503235, 0.8411347270011902, 0.8794326186180115, 0.7981087565422058, 0.8397163152694702, 0.8160756230354309, 0.7801418304443359, 0.8212766051292419, 0.8846335411071777, 0.8406619429588318, 0.8685579299926758, 0.834515392780304, 0.8780142068862915, 0.8368794322013855, 0.8255318999290466, 0.813238799571991, 0.8846335411071777, 0.8260047435760498, 0.7877068519592285, 0.845862865447998, 0.8416075706481934, 0.8898345232009888, 0.8756501078605652, 0.8505910038948059, 0.8789598345756531, 0.8269503712654114, 0.8359338045120239, 0.8761229515075684, 0.8274231553077698, 0.8865247964859009, 0.8127659559249878, 0.8624113202095032, 0.8094562888145447, 0.8699763417243958, 0.880378246307373, 0.8770685791969299, 0.886997640132904, 0.834515392780304, 0.8690307140350342, 0.8855791687965393, 0.8955082893371582, 0.8037825226783752, 0.873758852481842, 0.8973995447158813, 0.8638297915458679, 0.8586288690567017, 0.8501182198524475, 0.8208037614822388, 0.8330969214439392, 0.8614656925201416, 0.8482269644737244, 0.8359338045120239, 0.895035445690155, 0.8416075706481934, 0.8713948130607605, 0.8468084931373596, 0.8468084931373596, 0.8666666746139526, 0.8959810733795166, 0.8657210469245911, 0.8690307140350342, 0.8208037614822388, 0.8931441903114319, 0.8860520124435425, 0.8879432678222656, 0.8921985626220703, 0.880378246307373, 0.7673758864402771, 0.9007092118263245, 0.8217493891716003]",0.6966666579246521,0.8498533368110657,0.8842592835426331,0.8842592835426331,0.2142857164144516,0.8120397925376892,0.8543735224586289,0.1150963306427002
22,100,100,0,36,64,"[0.0, 0.0, 0.0, 0.0, 0.0, 0.0, 0.0, 0.0, 0.0, 0.0, 0.0, 0.0, 0.0, 0.0, 0.0, 0.0, 0.0, 0.0, 0.0, 0.0, 0.0, 0.0, 0.0, 0.0, 0.0, 0.0, 0.0, 0.0, 0.0, 0.0, 0.0, 0.0, 0.0, 0.0, 0.0, 0.0, 0.0, 0.0, 0.0, 0.0, 0.0, 0.0, 0.0, 0.0, 0.0, 0.0, 0.0, 0.0, 0.0, 0.0, 0.0, 0.0, 0.0, 0.0, 0.0, 0.0, 0.0, 0.0, 0.0, 0.0, 0.0, 0.0, 0.0, 0.0, 0.0, 0.0, 0.0, 0.0, 0.0, 0.0, 0.0, 0.0, 0.0, 0.0, 0.0, 0.0, 0.0, 0.0, 0.0, 0.0, 0.0, 0.0, 0.0, 0.0, 0.0, 0.0, 0.0, 0.0, 0.0, 0.0, 0.0, 0.0, 0.0, 0.0, 0.0, 0.0, 0.0, 0.0, 0.0, 0.0]","[0.6737381219863892, 0.7152162790298462, 0.7118542194366455, 0.6761102080345154, 0.664106011390686, 0.7223116159439087, 0.6633589267730713, 0.7225902080535889, 0.7129210233688354, 0.7115603685379028, 0.6666446924209595, 0.7029039859771729, 0.72176194190979, 0.7208034992218018, 0.6617353558540344, 0.6699823141098022, 0.6658357977867126, 0.7322205901145935, 0.6635943651199341, 0.7237309217453003, 0.6736494302749634, 0.6655645966529846, 0.6597259044647217, 0.6645373106002808, 0.6805936098098755, 0.6534178256988525, 0.6568436622619629, 0.6721264123916626, 0.737250566482544, 0.6813640594482422, 0.7108776569366455, 0.6570405960083008, 0.6659731864929199, 0.653620719909668, 0.7155962586402893, 0.7138832807540894, 0.6606001853942871, 0.7322919964790344, 0.665286123752594, 0.6639816164970398, 0.7291343212127686, 0.6535282135009766, 0.6592915058135986, 0.6658859848976135, 0.7124367952346802, 0.6650999188423157, 0.7214783430099487, 0.7169191837310791, 0.6538653373718262, 0.6757057309150696, 0.6685974597930908, 0.680221438407898, 0.6676933765411377, 0.6481091976165771, 0.6804165840148926, 0.6627368330955505, 0.6705672144889832, 0.7255131006240845, 0.7101099491119385, 0.6610475778579712, 0.6766824722290039, 0.7268081903457642, 0.6628372669219971, 0.6526789665222168, 0.657201886177063, 0.6605350971221924, 0.7229064702987671, 0.6752762794494629, 0.7224197387695312, 0.670456051826477, 0.6659115552902222, 0.725123405456543, 0.715300440788269, 0.6683094501495361, 0.7235057353973389, 0.6607263088226318, 0.6644511222839355, 0.7145078182220459, 0.6634585857391357, 0.6741520762443542, 0.6758828163146973, 0.6648309230804443, 0.6702378988265991, 0.6720497608184814, 0.7392699718475342, 0.6709334254264832, 0.7049894332885742, 0.6618334054946899, 0.6703686714172363, 0.7190345525741577, 0.6659691333770752, 0.673923134803772, 0.6691998243331909, 0.7114447355270386, 0.6692209243774414, 0.6464691162109375, 0.7147701978683472, 0.721957802772522, 0.717241644859314, 0.66230309009552]",0,set(),"[1.0, 0.0833333358168602, 0.3333333432674408, 0.6666666865348816, 0.8333333134651184, 0.25, 1.0, 0.0833333358168602, 0.1666666716337204, 0.1666666716337204, 1.0, 0.4166666567325592, 0.25, 0.25, 0.9166666865348816, 0.9166666865348816, 1.0, 0.0833333358168602, 0.9166666865348816, 0.1666666716337204, 0.9166666865348816, 0.8333333134651184, 0.9166666865348816, 0.9166666865348816, 0.9166666865348816, 0.9166666865348816, 0.8333333134651184, 0.9166666865348816, 0.0, 0.9166666865348816, 0.3333333432674408, 0.9166666865348816, 0.8333333134651184, 1.0, 0.3333333432674408, 0.25, 1.0, 0.0, 0.8333333134651184, 0.6666666865348816, 0.1666666716337204, 0.9166666865348816, 1.0, 1.0, 0.3333333432674408, 0.9166666865348816, 0.25, 0.0, 0.9166666865348816, 0.8333333134651184, 1.0, 0.9166666865348816, 0.9166666865348816, 0.9166666865348816, 0.8333333134651184, 0.8333333134651184, 0.9166666865348816, 0.25, 0.4166666567325592, 0.75, 0.8333333134651184, 0.0, 0.8333333134651184, 0.8333333134651184, 1.0, 0.9166666865348816, 0.1666666716337204, 0.9166666865348816, 0.1666666716337204, 0.8333333134651184, 0.8333333134651184, 0.0, 0.3333333432674408, 0.9166666865348816, 0.0833333358168602, 0.75, 0.8333333134651184, 0.1666666716337204, 0.8333333134651184, 0.9166666865348816, 0.9166666865348816, 0.8333333134651184, 0.75, 0.8333333134651184, 0.0, 0.9166666865348816, 0.5, 0.9166666865348816, 0.75, 0.1666666716337204, 0.8333333134651184, 1.0, 0.75, 0.3333333432674408, 0.9166666865348816, 0.8333333134651184, 0.3333333432674408, 0.0833333358168602, 0.3333333432674408, 0.9166666865348816]","[0.886997640132904, 0.8245862722396851, 0.7938534021377563, 0.8917257785797119, 0.8817967176437378, 0.8406619429588318, 0.8780142068862915, 0.8340425491333008, 0.8094562888145447, 0.8042553067207336, 0.8865247964859009, 0.7744680643081665, 0.8482269644737244, 0.8382978439331055, 0.8794326186180115, 0.8888888955116272, 0.8874704241752625, 0.8695035576820374, 0.8680850863456726, 0.8430259823799133, 0.8997635841369629, 0.8765957355499268, 0.8553191423416138, 0.8841607570648193, 0.8992908000946045, 0.8444444537162781, 0.8581560254096985, 0.8912529349327087, 0.8709219694137573, 0.9054373502731323, 0.8141843676567078, 0.8557919859886169, 0.8780142068862915, 0.8581560254096985, 0.8425531983375549, 0.8052009344100952, 0.8543735146522522, 0.8666666746139526, 0.8874704241752625, 0.8411347270011902, 0.8472813367843628, 0.839243471622467, 0.8595744967460632, 0.8761229515075684, 0.8212766051292419, 0.8784869909286499, 0.8288416266441345, 0.8047281503677368, 0.8439716100692749, 0.8969267010688782, 0.8865247964859009, 0.901654839515686, 0.8756501078605652, 0.8430259823799133, 0.9063829779624939, 0.8586288690567017, 0.8865247964859009, 0.8548463582992554, 0.7947990298271179, 0.8543735146522522, 0.8955082893371582, 0.8614656925201416, 0.8520094752311707, 0.8354610204696655, 0.8406619429588318, 0.8439716100692749, 0.8397163152694702, 0.9021276831626892, 0.817966878414154, 0.8931441903114319, 0.8633569478988647, 0.8676123023033142, 0.8146572113037109, 0.8846335411071777, 0.8330969214439392, 0.8619385361671448, 0.8813238739967346, 0.8023640513420105, 0.8851063847541809, 0.8959810733795166, 0.8931441903114319, 0.8520094752311707, 0.8940898180007935, 0.8898345232009888, 0.8600472807884216, 0.8874704241752625, 0.772104024887085, 0.8572103977203369, 0.8851063847541809, 0.8444444537162781, 0.8822695016860962, 0.895035445690155, 0.8784869909286499, 0.7895981073379517, 0.8761229515075684, 0.8293144106864929, 0.8042553067207336, 0.8477541208267212, 0.8189125061035156, 0.8728132247924805]",0.6391666531562805,0.8577919006347656,0.8854166269302368,0.8854166269302368,0.2013888955116272,0.8279353976249695,0.8595744680851064,0.2139890193939209
23,100,100,0,38,62,"[0.0, 0.0, 0.0, 0.0, 0.0, 0.0, 0.0, 0.0, 0.0, 0.0, 0.0, 0.0, 0.0, 0.0, 0.0, 0.0, 0.0, 0.0, 0.0, 0.0, 0.0, 0.0, 0.0, 0.0, 0.0, 0.0, 0.0, 0.0, 0.0, 0.0, 0.0, 0.0, 0.0, 0.0, 0.0, 0.0, 0.0, 0.0, 0.0, 0.0, 0.0, 0.0, 0.0, 0.0, 0.0, 0.0, 0.0, 0.0, 0.0, 0.0, 0.0, 0.0, 0.0, 0.0, 0.0, 0.0, 0.0, 0.0, 0.0, 0.0, 0.0, 0.0, 0.0, 0.0, 0.0, 0.0, 0.0, 0.0, 0.0, 0.0, 0.0, 0.0, 0.0, 0.0, 0.0, 0.0, 0.0, 0.0, 0.0, 0.0, 0.0, 0.0, 0.0, 0.0, 0.0, 0.0, 0.0, 0.0, 0.0, 0.0, 0.0, 0.0, 0.0, 0.0, 0.0, 0.0, 0.0, 0.0, 0.0, 0.0]","[0.6584077477455139, 0.6650147438049316, 0.675266683101654, 0.6618317365646362, 0.6661831736564636, 0.6752297282218933, 0.7176957130432129, 0.7387053966522217, 0.7106751799583435, 0.6708348989486694, 0.6716607809066772, 0.7098639011383057, 0.6541239023208618, 0.7172544002532959, 0.6540552973747253, 0.7379550933837891, 0.7134119272232056, 0.7316383123397827, 0.6510106325149536, 0.6803654432296753, 0.6631687879562378, 0.6723233461380005, 0.7132198810577393, 0.6745584011077881, 0.6528747081756592, 0.657977819442749, 0.6571327447891235, 0.6622883081436157, 0.7184747457504272, 0.6603972911834717, 0.6599389314651489, 0.6468095779418945, 0.6556032299995422, 0.7119885683059692, 0.665640115737915, 0.6636883020401001, 0.7233222723007202, 0.6745936870574951, 0.6655481457710266, 0.7275754809379578, 0.7236918210983276, 0.7194344997406006, 0.7090238332748413, 0.7324205636978149, 0.6585602760314941, 0.672667384147644, 0.6580355167388916, 0.7153948545455933, 0.6715530157089233, 0.6516466736793518, 0.660690426826477, 0.6748679876327515, 0.656192421913147, 0.6684420108795166, 0.6712943315505981, 0.6650935411453247, 0.7202695608139038, 0.675025463104248, 0.7140432596206665, 0.6665281653404236, 0.6645808815956116, 0.7392504215240479, 0.7268813848495483, 0.656295895576477, 0.6603918671607971, 0.6560279726982117, 0.7238532304763794, 0.7200369834899902, 0.7221920490264893, 0.6713889837265015, 0.6692781448364258, 0.7135400772094727, 0.7056136131286621, 0.6695981025695801, 0.6688694953918457, 0.7186183333396912, 0.664461612701416, 0.6466693878173828, 0.6615154147148132, 0.6711329221725464, 0.6649687886238098, 0.6524407267570496, 0.7316704392433167, 0.716987133026123, 0.720811128616333, 0.6613699793815613, 0.7174330353736877, 0.7114300727844238, 0.7113614082336426, 0.6766479015350342, 0.7136489152908325, 0.6526170969009399, 0.7085310220718384, 0.6747829914093018, 0.6642361283302307, 0.7137193083763123, 0.6643692255020142, 0.6652768850326538, 0.7182542085647583, 0.6574999690055847]",0,set(),"[1.0, 0.8333333134651184, 0.9166666865348816, 0.8333333134651184, 0.8333333134651184, 1.0, 0.1666666716337204, 0.0833333358168602, 0.4166666567325592, 0.75, 0.9166666865348816, 0.4166666567325592, 1.0, 0.25, 0.9166666865348816, 0.0833333358168602, 0.1666666716337204, 0.0833333358168602, 0.9166666865348816, 0.9166666865348816, 0.9166666865348816, 0.75, 0.3333333432674408, 1.0, 1.0, 0.9166666865348816, 1.0, 1.0, 0.0, 0.9166666865348816, 0.8333333134651184, 0.9166666865348816, 0.8333333134651184, 0.3333333432674408, 0.9166666865348816, 0.75, 0.1666666716337204, 1.0, 0.8333333134651184, 0.0833333358168602, 0.1666666716337204, 0.0833333358168602, 0.3333333432674408, 0.25, 1.0, 0.9166666865348816, 0.9166666865348816, 0.1666666716337204, 1.0, 1.0, 0.9166666865348816, 0.9166666865348816, 0.9166666865348816, 0.9166666865348816, 1.0, 0.9166666865348816, 0.1666666716337204, 1.0, 0.3333333432674408, 0.8333333134651184, 0.8333333134651184, 0.0833333358168602, 0.0, 1.0, 0.8333333134651184, 1.0, 0.0833333358168602, 0.25, 0.25, 0.9166666865348816, 1.0, 0.25, 0.5, 0.9166666865348816, 0.8333333134651184, 0.25, 0.8333333134651184, 0.9166666865348816, 0.9166666865348816, 0.75, 0.8333333134651184, 1.0, 0.0833333358168602, 0.25, 0.25, 0.9166666865348816, 0.1666666716337204, 0.3333333432674408, 0.4166666567325592, 0.75, 0.1666666716337204, 0.8333333134651184, 0.3333333432674408, 0.75, 0.9166666865348816, 0.1666666716337204, 1.0, 0.9166666865348816, 0.0833333358168602, 0.9166666865348816]","[0.8775413632392883, 0.8898345232009888, 0.9002364277839661, 0.8586288690567017, 0.8572103977203369, 0.9040189385414124, 0.8335697650909424, 0.8789598345756531, 0.793380618095398, 0.8921985626220703, 0.8983451724052429, 0.7881796956062317, 0.8515366315841675, 0.8170212507247925, 0.8581560254096985, 0.8718675971031189, 0.8208037614822388, 0.8624113202095032, 0.8543735146522522, 0.9106382727622986, 0.8614656925201416, 0.8855791687965393, 0.8326241374015808, 0.8969267010688782, 0.8576832413673401, 0.8822695016860962, 0.8799054622650146, 0.8765957355499268, 0.8274231553077698, 0.8647754192352295, 0.8789598345756531, 0.8624113202095032, 0.8614656925201416, 0.7995271682739258, 0.8789598345756531, 0.8742316961288452, 0.8477541208267212, 0.9026004672050476, 0.8657210469245911, 0.8628841638565063, 0.8685579299926758, 0.8335697650909424, 0.7919621467590332, 0.8718675971031189, 0.8789598345756531, 0.9030733108520508, 0.873758852481842, 0.8146572113037109, 0.8983451724052429, 0.8250591158866882, 0.8865247964859009, 0.8973995447158813, 0.8633569478988647, 0.8813238739967346, 0.8921985626220703, 0.8917257785797119, 0.8780142068862915, 0.908274233341217, 0.8061465620994568, 0.8921985626220703, 0.8912529349327087, 0.8742316961288452, 0.8576832413673401, 0.8751773238182068, 0.8704491853713989, 0.8562647700309753, 0.8652482032775879, 0.8250591158866882, 0.86052006483078, 0.8964539170265198, 0.8969267010688782, 0.8113475441932678, 0.7881796956062317, 0.9049645662307739, 0.8808510899543762, 0.8307328820228577, 0.8680850863456726, 0.8444444537162781, 0.8718675971031189, 0.8851063847541809, 0.873758852481842, 0.8482269644737244, 0.8817967176437378, 0.8439716100692749, 0.8468084931373596, 0.8657210469245911, 0.8226950168609619, 0.8023640513420105, 0.8293144106864929, 0.8959810733795166, 0.8236406445503235, 0.8539007306098938, 0.7834515571594238, 0.8917257785797119, 0.8836879730224609, 0.8217493891716003, 0.8591016530990601, 0.8879432678222656, 0.8591016530990601, 0.8813238739967346]",0.6424999833106995,0.8618676066398621,0.9072580933570862,0.9072580933570862,0.21052631735801697,0.8349757194519043,0.8666666666666667,0.21305346488952637
24,100,100,0,38,62,"[0.0, 0.0, 0.0, 0.0, 0.0, 0.0, 0.0, 0.0, 0.0, 0.0, 0.0, 0.0, 0.0, 0.0, 0.0, 0.0, 0.0, 0.0, 0.0, 0.0, 0.0, 0.0, 0.0, 0.0, 0.0, 0.0, 0.0, 0.0, 0.0, 0.0, 0.0, 0.0, 0.0, 0.0, 0.0, 0.0, 0.0, 0.0, 0.0, 0.0, 0.0, 0.0, 0.0, 0.0, 0.0, 0.0, 0.0, 0.0, 0.0, 0.0, 0.0, 0.0, 0.0, 0.0, 0.0, 0.0, 0.0, 0.0, 0.0, 0.0, 0.0, 0.0, 0.0, 0.0, 0.0, 0.0, 0.0, 0.0, 0.0, 0.0, 0.0, 0.0, 0.0, 0.0, 0.0, 0.0, 0.0, 0.0, 0.0, 0.0, 0.0, 0.0, 0.0, 0.0, 0.0, 0.0, 0.0, 0.0, 0.0, 0.0, 0.0, 0.0, 0.0, 0.0, 0.0, 0.0, 0.0, 0.0, 0.0, 0.0]","[0.7232393026351929, 0.6723576784133911, 0.6602569818496704, 0.6578407287597656, 0.6843211054801941, 0.7327492237091064, 0.7333107590675354, 0.669489860534668, 0.7245270013809204, 0.7245713472366333, 0.7336986064910889, 0.6666689515113831, 0.670225203037262, 0.6530570983886719, 0.6608434915542603, 0.7400757670402527, 0.7168760299682617, 0.6693092584609985, 0.6720945239067078, 0.6568728685379028, 0.6586848497390747, 0.6776870489120483, 0.6744790077209473, 0.6662316918373108, 0.7295626401901245, 0.7182800769805908, 0.6757467985153198, 0.6469154357910156, 0.7202072739601135, 0.6486896276473999, 0.7187460660934448, 0.7252691984176636, 0.7144389152526855, 0.6673649549484253, 0.7221511602401733, 0.6692214012145996, 0.7091789245605469, 0.7143030166625977, 0.7276551723480225, 0.6452397108078003, 0.6688560247421265, 0.6555402278900146, 0.6743831634521484, 0.6628396511077881, 0.740036129951477, 0.6600414514541626, 0.7253472805023193, 0.6504859924316406, 0.6570842266082764, 0.6629143953323364, 0.6470301747322083, 0.6453115344047546, 0.6716296672821045, 0.7201817035675049, 0.7041831016540527, 0.7273037433624268, 0.6666473150253296, 0.7204360961914062, 0.7131778001785278, 0.7342344522476196, 0.6553490161895752, 0.6636281609535217, 0.6653034687042236, 0.6517303586006165, 0.6522873640060425, 0.6549931764602661, 0.706060528755188, 0.6606138944625854, 0.6720542907714844, 0.6509703397750854, 0.6558562517166138, 0.6645705103874207, 0.7175053358078003, 0.6688830852508545, 0.6614784002304077, 0.6561335921287537, 0.6673207879066467, 0.672553539276123, 0.665756106376648, 0.6621490120887756, 0.7153264880180359, 0.7215431928634644, 0.7159148454666138, 0.6634707450866699, 0.6526570916175842, 0.6686698198318481, 0.6746530532836914, 0.66920006275177, 0.6529321670532227, 0.6628967523574829, 0.7180395722389221, 0.7141487002372742, 0.7168728113174438, 0.6626876592636108, 0.7104291915893555, 0.7177914381027222, 0.7130431532859802, 0.666522741317749, 0.6617383360862732, 0.732751727104187]",0,set(),"[0.1666666716337204, 0.8333333134651184, 0.8333333134651184, 0.9166666865348816, 0.8333333134651184, 0.0833333358168602, 0.0, 0.8333333134651184, 0.0833333358168602, 0.1666666716337204, 0.1666666716337204, 0.9166666865348816, 0.9166666865348816, 0.9166666865348816, 0.8333333134651184, 0.0, 0.25, 1.0, 0.8333333134651184, 0.9166666865348816, 1.0, 0.75, 0.9166666865348816, 0.9166666865348816, 0.0833333358168602, 0.25, 0.8333333134651184, 1.0, 0.0833333358168602, 1.0, 0.25, 0.25, 0.1666666716337204, 0.9166666865348816, 0.3333333432674408, 0.8333333134651184, 0.4166666567325592, 0.1666666716337204, 0.1666666716337204, 0.9166666865348816, 1.0, 1.0, 0.8333333134651184, 1.0, 0.0833333358168602, 0.9166666865348816, 0.0, 0.8333333134651184, 0.9166666865348816, 0.9166666865348816, 0.9166666865348816, 1.0, 0.75, 0.1666666716337204, 0.5, 0.0833333358168602, 0.8333333134651184, 0.1666666716337204, 0.4166666567325592, 0.1666666716337204, 0.8333333134651184, 1.0, 0.8333333134651184, 0.8333333134651184, 1.0, 1.0, 0.5, 0.9166666865348816, 0.9166666865348816, 0.9166666865348816, 1.0, 0.75, 0.1666666716337204, 0.9166666865348816, 0.9166666865348816, 0.9166666865348816, 0.8333333134651184, 0.8333333134651184, 0.8333333134651184, 0.8333333134651184, 0.3333333432674408, 0.25, 0.4166666567325592, 1.0, 1.0, 0.9166666865348816, 0.75, 0.9166666865348816, 0.9166666865348816, 0.75, 0.1666666716337204, 0.4166666567325592, 0.5, 0.75, 0.3333333432674408, 0.3333333432674408, 0.4166666567325592, 1.0, 0.8333333134651184, 0.0833333358168602]","[0.8491725921630859, 0.8988179564476013, 0.8836879730224609, 0.8832151293754578, 0.916312038898468, 0.8846335411071777, 0.8657210469245911, 0.8917257785797119, 0.8496453762054443, 0.8728132247924805, 0.8699763417243958, 0.880378246307373, 0.8808510899543762, 0.8633569478988647, 0.8695035576820374, 0.8846335411071777, 0.8174940943717957, 0.9035460948944092, 0.8983451724052429, 0.8676123023033142, 0.8690307140350342, 0.9063829779624939, 0.8997635841369629, 0.8988179564476013, 0.8709219694137573, 0.8208037614822388, 0.8959810733795166, 0.8657210469245911, 0.8373522162437439, 0.8595744967460632, 0.8439716100692749, 0.8562647700309753, 0.8307328820228577, 0.8959810733795166, 0.8482269644737244, 0.8978723287582397, 0.8061465620994568, 0.8335697650909424, 0.8652482032775879, 0.8676123023033142, 0.8992908000946045, 0.8780142068862915, 0.9068558216094971, 0.8799054622650146, 0.8780142068862915, 0.8699763417243958, 0.845862865447998, 0.8444444537162781, 0.8780142068862915, 0.8851063847541809, 0.8657210469245911, 0.8453900814056396, 0.8865247964859009, 0.8165484666824341, 0.8028368949890137, 0.8624113202095032, 0.8983451724052429, 0.8553191423416138, 0.8340425491333008, 0.8647754192352295, 0.873758852481842, 0.8936170339584351, 0.8912529349327087, 0.8609929084777832, 0.873758852481842, 0.8576832413673401, 0.7971631288528442, 0.873758852481842, 0.9054373502731323, 0.8680850863456726, 0.8780142068862915, 0.895035445690155, 0.8619385361671448, 0.8945626616477966, 0.8690307140350342, 0.8628841638565063, 0.8936170339584351, 0.8964539170265198, 0.8959810733795166, 0.8699763417243958, 0.8165484666824341, 0.8297872543334961, 0.8212766051292419, 0.8619385361671448, 0.8756501078605652, 0.8973995447158813, 0.8997635841369629, 0.895035445690155, 0.8652482032775879, 0.8765957355499268, 0.8236406445503235, 0.834515392780304, 0.8170212507247925, 0.8756501078605652, 0.7976359128952026, 0.8264775276184082, 0.8075650334358215, 0.8940898180007935, 0.8912529349327087, 0.8841607570648193]",0.6408333778381348,0.8670307397842407,0.8951612710952759,0.8951612710952759,0.22587721049785614,0.8417071104049683,0.8728132387706856,0.11286473274230957
25,100,100,0,30,70,"[0.0, 0.0, 0.0, 0.0, 0.0, 0.0, 0.0, 0.0, 0.0, 0.0, 0.0, 0.0, 0.0, 0.0, 0.0, 0.0, 0.0, 0.0, 0.0, 0.0, 0.0, 0.0, 0.0, 0.0, 0.0, 0.0, 0.0, 0.0, 0.0, 0.0, 0.0, 0.0, 0.0, 0.0, 0.0, 0.0, 0.0, 0.0, 0.0, 0.0, 0.0, 0.0, 0.0, 0.0, 0.0, 0.0, 0.0, 0.0, 0.0, 0.0, 0.0, 0.0, 0.0, 0.0, 0.0, 0.0, 0.0, 0.0, 0.0, 0.0, 0.0, 0.0, 0.0, 0.0, 0.0, 0.0, 0.0, 0.0, 0.0, 0.0, 0.0, 0.0, 0.0, 0.0, 0.0, 0.0, 0.0, 0.0, 0.0, 0.0, 0.0, 0.0, 0.0, 0.0, 0.0, 0.0, 0.0, 0.0, 0.0, 0.0, 0.0, 0.0, 0.0, 0.0, 0.0, 0.0, 0.0, 0.0, 0.0, 0.0]","[0.658555805683136, 0.6413494944572449, 0.7098982334136963, 0.6699379682540894, 0.7131993174552917, 0.6701062917709351, 0.6710914373397827, 0.7244230508804321, 0.709335207939148, 0.6560851335525513, 0.6766039133071899, 0.6640757322311401, 0.7145770192146301, 0.6503832340240479, 0.6711500883102417, 0.6440086364746094, 0.6588686108589172, 0.6552236080169678, 0.6581751108169556, 0.6593904495239258, 0.6675683259963989, 0.6741635799407959, 0.6653318405151367, 0.6783877611160278, 0.7270519733428955, 0.6482861042022705, 0.6628488898277283, 0.6649312376976013, 0.6587520837783813, 0.6555531620979309, 0.6518547534942627, 0.6541205048561096, 0.6641627550125122, 0.6542080640792847, 0.6613746881484985, 0.722435474395752, 0.6579756140708923, 0.6712669134140015, 0.6445329785346985, 0.7051507830619812, 0.6607420444488525, 0.6521727442741394, 0.6507644653320312, 0.6588346362113953, 0.6551306247711182, 0.6724972128868103, 0.7299954891204834, 0.6526171565055847, 0.7241131067276001, 0.7351979613304138, 0.6578829288482666, 0.7217403650283813, 0.6658533215522766, 0.7293210625648499, 0.7199342250823975, 0.748622477054596, 0.7190925478935242, 0.7101954221725464, 0.6737287044525146, 0.6620625257492065, 0.6694834232330322, 0.7325477004051208, 0.6640257835388184, 0.6608649492263794, 0.6557719111442566, 0.6606038212776184, 0.6684180498123169, 0.6426713466644287, 0.654997706413269, 0.6503075957298279, 0.6519016623497009, 0.7120363712310791, 0.6692445278167725, 0.7224684953689575, 0.6581125259399414, 0.7262226939201355, 0.6627223491668701, 0.6597311496734619, 0.7296497821807861, 0.6626479625701904, 0.6516157388687134, 0.6727049350738525, 0.6641340255737305, 0.7338312864303589, 0.7162559628486633, 0.733818531036377, 0.7155711650848389, 0.7264642119407654, 0.7210972905158997, 0.6714383363723755, 0.7178218364715576, 0.6694394946098328, 0.7155495882034302, 0.6605287790298462, 0.6671593189239502, 0.661652684211731, 0.6665899157524109, 0.662114143371582, 0.6518203020095825, 0.6760760545730591]",0,set(),"[0.8333333134651184, 1.0, 0.4166666567325592, 0.9166666865348816, 0.3333333432674408, 0.8333333134651184, 0.8333333134651184, 0.25, 0.3333333432674408, 0.9166666865348816, 0.8333333134651184, 0.9166666865348816, 0.3333333432674408, 0.9166666865348816, 1.0, 0.9166666865348816, 0.75, 1.0, 1.0, 0.8333333134651184, 0.8333333134651184, 0.8333333134651184, 0.8333333134651184, 0.9166666865348816, 0.0833333358168602, 0.9166666865348816, 0.9166666865348816, 0.8333333134651184, 0.8333333134651184, 1.0, 0.9166666865348816, 0.8333333134651184, 0.8333333134651184, 1.0, 0.9166666865348816, 0.1666666716337204, 1.0, 0.6666666865348816, 0.9166666865348816, 0.5, 0.8333333134651184, 0.75, 0.9166666865348816, 0.9166666865348816, 0.9166666865348816, 0.75, 0.0, 0.9166666865348816, 0.25, 0.0833333358168602, 0.9166666865348816, 0.25, 0.8333333134651184, 0.0833333358168602, 0.3333333432674408, 0.0, 0.25, 0.4166666567325592, 0.6666666865348816, 0.9166666865348816, 0.75, 0.0833333358168602, 1.0, 0.9166666865348816, 0.75, 1.0, 0.9166666865348816, 0.8333333134651184, 0.8333333134651184, 0.8333333134651184, 1.0, 0.3333333432674408, 0.9166666865348816, 0.25, 0.8333333134651184, 0.0, 0.8333333134651184, 0.9166666865348816, 0.0833333358168602, 0.9166666865348816, 0.9166666865348816, 0.9166666865348816, 1.0, 0.0833333358168602, 0.0, 0.0833333358168602, 0.25, 0.1666666716337204, 0.0, 1.0, 0.25, 0.9166666865348816, 0.0833333358168602, 0.9166666865348816, 0.8333333134651184, 1.0, 0.9166666865348816, 0.9166666865348816, 0.9166666865348816, 0.75]","[0.8652482032775879, 0.867139458656311, 0.8189125061035156, 0.9044917225837708, 0.8302600383758545, 0.8907801508903503, 0.8964539170265198, 0.8567376136779785, 0.8037825226783752, 0.8827423453330994, 0.9049645662307739, 0.8921985626220703, 0.8434988260269165, 0.8581560254096985, 0.888416051864624, 0.8713948130607605, 0.880378246307373, 0.8600472807884216, 0.8893616795539856, 0.8855791687965393, 0.901654839515686, 0.9111111164093018, 0.8917257785797119, 0.914893627166748, 0.8732860684394836, 0.8661938309669495, 0.8973995447158813, 0.895035445690155, 0.8907801508903503, 0.8713948130607605, 0.8695035576820374, 0.8420803546905518, 0.8775413632392883, 0.8841607570648193, 0.8723404407501221, 0.8316785097122192, 0.8865247964859009, 0.9049645662307739, 0.8576832413673401, 0.80661940574646, 0.8921985626220703, 0.8747044801712036, 0.8557919859886169, 0.8893616795539856, 0.8586288690567017, 0.9092198610305786, 0.8515366315841675, 0.8742316961288452, 0.8718675971031189, 0.8742316961288452, 0.8780142068862915, 0.8340425491333008, 0.8992908000946045, 0.8756501078605652, 0.839243471622467, 0.9011820554733276, 0.827895998954773, 0.8293144106864929, 0.9054373502731323, 0.8917257785797119, 0.8973995447158813, 0.8747044801712036, 0.8992908000946045, 0.8936170339584351, 0.8808510899543762, 0.8888888955116272, 0.8973995447158813, 0.8501182198524475, 0.8619385361671448, 0.8628841638565063, 0.8529551029205322, 0.8108747005462646, 0.9049645662307739, 0.8378250598907471, 0.8874704241752625, 0.8510638475418091, 0.8893616795539856, 0.8841607570648193, 0.8695035576820374, 0.8846335411071777, 0.8591016530990601, 0.9007092118263245, 0.8907801508903503, 0.8898345232009888, 0.8463357090950012, 0.8898345232009888, 0.8628841638565063, 0.8780142068862915, 0.8595744967460632, 0.9073286056518555, 0.8326241374015808, 0.8969267010688782, 0.8241134881973267, 0.9026004672050476, 0.9011820554733276, 0.8997635841369629, 0.8992908000946045, 0.8860520124435425, 0.8633569478988647, 0.909692645072937]",0.6783332824707031,0.8745058178901672,0.8869047164916992,0.8869047164916992,0.19166666269302368,0.8498975038528442,0.8780141843971632,0.21225762367248535
26,100,100,0,33,67,"[0.0, 0.0, 0.0, 0.0, 0.0, 0.0, 0.0, 0.0, 0.0, 0.0, 0.0, 0.0, 0.0, 0.0, 0.0, 0.0, 0.0, 0.0, 0.0, 0.0, 0.0, 0.0, 0.0, 0.0, 0.0, 0.0, 0.0, 0.0, 0.0, 0.0, 0.0, 0.0, 0.0, 0.0, 0.0, 0.0, 0.0, 0.0, 0.0, 0.0, 0.0, 0.0, 0.0, 0.0, 0.0, 0.0, 0.0, 0.0, 0.0, 0.0, 0.0, 0.0, 0.0, 0.0, 0.0, 0.0, 0.0, 0.0, 0.0, 0.0, 0.0, 0.0, 0.0, 0.0, 0.0, 0.0, 0.0, 0.0, 0.0, 0.0, 0.0, 0.0, 0.0, 0.0, 0.0, 0.0, 0.0, 0.0, 0.0, 0.0, 0.0, 0.0, 0.0, 0.0, 0.0, 0.0, 0.0, 0.0, 0.0, 0.0, 0.0, 0.0, 0.0, 0.0, 0.0, 0.0, 0.0, 0.0, 0.0, 0.0]","[0.6625282764434814, 0.6583588123321533, 0.6645010709762573, 0.7202680110931396, 0.6614947319030762, 0.7233931422233582, 0.658072829246521, 0.6577626466751099, 0.7265489101409912, 0.7244662046432495, 0.6787010431289673, 0.6429305076599121, 0.6618483066558838, 0.6496632099151611, 0.7160400152206421, 0.7177361845970154, 0.6604728698730469, 0.665374755859375, 0.6465826034545898, 0.6627062559127808, 0.6542423963546753, 0.6607580184936523, 0.6623830795288086, 0.6587232351303101, 0.6579290628433228, 0.667389988899231, 0.7161351442337036, 0.6669384241104126, 0.6538455486297607, 0.653417706489563, 0.6647390127182007, 0.7147770524024963, 0.7149676084518433, 0.729228675365448, 0.7298283576965332, 0.64545738697052, 0.6612105369567871, 0.6561039686203003, 0.7153661847114563, 0.728352427482605, 0.7166906595230103, 0.7098388671875, 0.7278123497962952, 0.6633445024490356, 0.6549869775772095, 0.6630526185035706, 0.6469402313232422, 0.7052586078643799, 0.6595838665962219, 0.7197034358978271, 0.6673493385314941, 0.6510311365127563, 0.7219017744064331, 0.7182693481445312, 0.6692044734954834, 0.7171734571456909, 0.6474225521087646, 0.6707286834716797, 0.6701496839523315, 0.719577968120575, 0.7255151271820068, 0.6648945808410645, 0.6697018146514893, 0.7227588891983032, 0.6688084602355957, 0.6701676845550537, 0.6747081279754639, 0.6774711608886719, 0.6601602435112, 0.6525803804397583, 0.658812403678894, 0.6605270504951477, 0.6689026355743408, 0.6550136208534241, 0.6581296324729919, 0.7298246622085571, 0.6471543312072754, 0.7313910126686096, 0.6599440574645996, 0.6786936521530151, 0.6629121899604797, 0.7120907306671143, 0.7329026460647583, 0.7092482447624207, 0.7215261459350586, 0.6579007506370544, 0.6703075170516968, 0.6704084873199463, 0.6499341726303101, 0.7172936201095581, 0.6573903560638428, 0.6553637981414795, 0.6663542985916138, 0.6581956148147583, 0.7176556587219238, 0.6554559469223022, 0.6483289003372192, 0.7279375791549683, 0.6739590167999268, 0.6693925857543945]",0,set(),"[1.0, 0.8333333134651184, 0.8333333134651184, 0.25, 1.0, 0.0, 0.8333333134651184, 1.0, 0.1666666716337204, 0.1666666716337204, 0.9166666865348816, 1.0, 0.8333333134651184, 1.0, 0.1666666716337204, 0.3333333432674408, 1.0, 0.9166666865348816, 0.9166666865348816, 0.8333333134651184, 0.9166666865348816, 1.0, 0.9166666865348816, 0.9166666865348816, 0.8333333134651184, 0.8333333134651184, 0.3333333432674408, 0.9166666865348816, 0.8333333134651184, 0.9166666865348816, 0.9166666865348816, 0.1666666716337204, 0.25, 0.0, 0.0833333358168602, 0.9166666865348816, 0.9166666865348816, 0.9166666865348816, 0.1666666716337204, 0.1666666716337204, 0.3333333432674408, 0.3333333432674408, 0.0, 1.0, 1.0, 0.8333333134651184, 0.9166666865348816, 0.3333333432674408, 0.6666666865348816, 0.1666666716337204, 0.9166666865348816, 1.0, 0.25, 0.3333333432674408, 0.8333333134651184, 0.25, 0.9166666865348816, 1.0, 0.9166666865348816, 0.1666666716337204, 0.1666666716337204, 1.0, 0.75, 0.1666666716337204, 1.0, 0.9166666865348816, 1.0, 0.8333333134651184, 0.8333333134651184, 0.9166666865348816, 0.9166666865348816, 0.9166666865348816, 0.8333333134651184, 0.9166666865348816, 0.9166666865348816, 0.25, 0.9166666865348816, 0.0, 0.9166666865348816, 0.8333333134651184, 1.0, 0.3333333432674408, 0.0, 0.0833333358168602, 0.0, 0.75, 0.9166666865348816, 0.8333333134651184, 1.0, 0.1666666716337204, 0.9166666865348816, 0.9166666865348816, 0.8333333134651184, 0.9166666865348816, 0.25, 0.9166666865348816, 0.9166666865348816, 0.0833333358168602, 0.8333333134651184, 0.9166666865348816]","[0.9021276831626892, 0.8765957355499268, 0.9044917225837708, 0.8449172377586365, 0.9007092118263245, 0.8548463582992554, 0.8912529349327087, 0.886997640132904, 0.8491725921630859, 0.8723404407501221, 0.9200945496559143, 0.8614656925201416, 0.8992908000946045, 0.8661938309669495, 0.867139458656311, 0.8397163152694702, 0.9044917225837708, 0.908274233341217, 0.8628841638565063, 0.8903073072433472, 0.8888888955116272, 0.8997635841369629, 0.8903073072433472, 0.8959810733795166, 0.8921985626220703, 0.9026004672050476, 0.8293144106864929, 0.901654839515686, 0.8775413632392883, 0.8751773238182068, 0.8874704241752625, 0.8302600383758545, 0.8269503712654114, 0.8643025755882263, 0.8789598345756531, 0.8628841638565063, 0.8973995447158813, 0.8865247964859009, 0.8217493891716003, 0.8643025755882263, 0.8482269644737244, 0.8255318999290466, 0.8652482032775879, 0.8917257785797119, 0.8921985626220703, 0.8992908000946045, 0.8728132247924805, 0.8222222328186035, 0.8917257785797119, 0.8553191423416138, 0.9026004672050476, 0.8836879730224609, 0.8557919859886169, 0.839243471622467, 0.8959810733795166, 0.8288416266441345, 0.8704491853713989, 0.9106382727622986, 0.9130023717880249, 0.8638297915458679, 0.8553191423416138, 0.8997635841369629, 0.8959810733795166, 0.8676123023033142, 0.9026004672050476, 0.9078013896942139, 0.9158392548561096, 0.9111111164093018, 0.8983451724052429, 0.8780142068862915, 0.8865247964859009, 0.8775413632392883, 0.909692645072937, 0.8926714062690735, 0.8936170339584351, 0.8732860684394836, 0.8647754192352295, 0.8510638475418091, 0.8921985626220703, 0.921513020992279, 0.8973995447158813, 0.8189125061035156, 0.8718675971031189, 0.8245862722396851, 0.852482259273529, 0.8799054622650146, 0.895035445690155, 0.9073286056518555, 0.8827423453330994, 0.8491725921630859, 0.8851063847541809, 0.8699763417243958, 0.9068558216094971, 0.895035445690155, 0.8430259823799133, 0.8907801508903503, 0.8718675971031189, 0.8690307140350342, 0.9120567440986633, 0.9030733108520508]",0.6666667461395264,0.8782742023468018,0.9067164063453674,0.9067164063453674,0.1792929321527481,0.8492299318313599,0.8832151300236407,0.20997214317321777
27,100,100,0,34,66,"[0.0, 0.0, 0.0, 0.0, 0.0, 0.0, 0.0, 0.0, 0.0, 0.0, 0.0, 0.0, 0.0, 0.0, 0.0, 0.0, 0.0, 0.0, 0.0, 0.0, 0.0, 0.0, 0.0, 0.0, 0.0, 0.0, 0.0, 0.0, 0.0, 0.0, 0.0, 0.0, 0.0, 0.0, 0.0, 0.0, 0.0, 0.0, 0.0, 0.0, 0.0, 0.0, 0.0, 0.0, 0.0, 0.0, 0.0, 0.0, 0.0, 0.0, 0.0, 0.0, 0.0, 0.0, 0.0, 0.0, 0.0, 0.0, 0.0, 0.0, 0.0, 0.0, 0.0, 0.0, 0.0, 0.0, 0.0, 0.0, 0.0, 0.0, 0.0, 0.0, 0.0, 0.0, 0.0, 0.0, 0.0, 0.0, 0.0, 0.0, 0.0, 0.0, 0.0, 0.0, 0.0, 0.0, 0.0, 0.0, 0.0, 0.0, 0.0, 0.0, 0.0, 0.0, 0.0, 0.0, 0.0, 0.0, 0.0, 0.0]","[0.7294445037841797, 0.729881227016449, 0.7383366823196411, 0.6569406390190125, 0.6782857179641724, 0.678031325340271, 0.6524489521980286, 0.6509759426116943, 0.6550761461257935, 0.6648905873298645, 0.6664327383041382, 0.6505498886108398, 0.7101101875305176, 0.6509017944335938, 0.6495315432548523, 0.7241395115852356, 0.7177850008010864, 0.6628797054290771, 0.7224602699279785, 0.6485482454299927, 0.6507061719894409, 0.6618201732635498, 0.6672624349594116, 0.7318285703659058, 0.6630585193634033, 0.6664941906929016, 0.7314534187316895, 0.7271407842636108, 0.6615487337112427, 0.6653379201889038, 0.6683506965637207, 0.7129301428794861, 0.648606538772583, 0.6509464979171753, 0.6518088579177856, 0.6581805944442749, 0.7291252017021179, 0.662729024887085, 0.73856121301651, 0.6596797704696655, 0.6467598080635071, 0.7081228494644165, 0.6601454019546509, 0.7340256571769714, 0.711724042892456, 0.7249209880828857, 0.7224718332290649, 0.6590902805328369, 0.6694194078445435, 0.67442387342453, 0.6504477262496948, 0.7204141616821289, 0.6692970991134644, 0.6705499887466431, 0.6660243272781372, 0.6530609130859375, 0.7161383628845215, 0.7219164371490479, 0.7413476705551147, 0.6658730506896973, 0.7217661738395691, 0.7271664142608643, 0.6577260494232178, 0.7268109321594238, 0.6734327077865601, 0.6691464781761169, 0.675495982170105, 0.6568871736526489, 0.6677311062812805, 0.6691722869873047, 0.661609947681427, 0.6707884073257446, 0.6706461906433105, 0.7371119260787964, 0.6581312417984009, 0.6769267320632935, 0.7372745275497437, 0.753639280796051, 0.7126303911209106, 0.6533467769622803, 0.6644925475120544, 0.7463599443435669, 0.6627442836761475, 0.6560639142990112, 0.6676210165023804, 0.6483781337738037, 0.6483953595161438, 0.6541140079498291, 0.6691434383392334, 0.6599630117416382, 0.6484901905059814, 0.6487009525299072, 0.7322843074798584, 0.656862735748291, 0.6730561256408691, 0.7325097322463989, 0.726861834526062, 0.7139346599578857, 0.647258996963501, 0.653192400932312]",0,set(),"[0.0833333358168602, 0.25, 0.1666666716337204, 0.9166666865348816, 0.9166666865348816, 0.75, 0.9166666865348816, 0.8333333134651184, 1.0, 0.8333333134651184, 0.9166666865348816, 0.9166666865348816, 0.0833333358168602, 0.8333333134651184, 0.9166666865348816, 0.0833333358168602, 0.25, 0.9166666865348816, 0.0833333358168602, 1.0, 1.0, 0.9166666865348816, 0.9166666865348816, 0.0, 0.9166666865348816, 0.9166666865348816, 0.25, 0.25, 1.0, 0.8333333134651184, 1.0, 0.3333333432674408, 0.9166666865348816, 0.9166666865348816, 0.9166666865348816, 0.75, 0.0833333358168602, 0.8333333134651184, 0.1666666716337204, 0.8333333134651184, 0.9166666865348816, 0.3333333432674408, 1.0, 0.1666666716337204, 0.4166666567325592, 0.3333333432674408, 0.25, 0.9166666865348816, 0.9166666865348816, 1.0, 0.9166666865348816, 0.25, 0.6666666865348816, 0.8333333134651184, 0.9166666865348816, 0.8333333134651184, 0.1666666716337204, 0.25, 0.1666666716337204, 0.9166666865348816, 0.1666666716337204, 0.0833333358168602, 0.9166666865348816, 0.1666666716337204, 0.8333333134651184, 0.9166666865348816, 0.8333333134651184, 0.8333333134651184, 0.9166666865348816, 0.9166666865348816, 0.9166666865348816, 0.8333333134651184, 0.9166666865348816, 0.0833333358168602, 1.0, 1.0, 0.0833333358168602, 0.0, 0.1666666716337204, 1.0, 0.8333333134651184, 0.0, 0.9166666865348816, 0.9166666865348816, 0.8333333134651184, 1.0, 1.0, 0.9166666865348816, 0.75, 1.0, 0.9166666865348816, 0.9166666865348816, 0.0833333358168602, 0.9166666865348816, 0.9166666865348816, 0.0833333358168602, 0.0833333358168602, 0.25, 1.0, 0.9166666865348816]","[0.8718675971031189, 0.8728132247924805, 0.888416051864624, 0.8799054622650146, 0.9234042763710022, 0.922931432723999, 0.8827423453330994, 0.8893616795539856, 0.8988179564476013, 0.9087470173835754, 0.9044917225837708, 0.8789598345756531, 0.8335697650909424, 0.8775413632392883, 0.8780142068862915, 0.8643025755882263, 0.8765957355499268, 0.8992908000946045, 0.8775413632392883, 0.8709219694137573, 0.8770685791969299, 0.9092198610305786, 0.9054373502731323, 0.8907801508903503, 0.909692645072937, 0.9068558216094971, 0.8775413632392883, 0.8808510899543762, 0.9059101939201355, 0.9101654887199402, 0.8964539170265198, 0.8241134881973267, 0.8874704241752625, 0.8789598345756531, 0.888416051864624, 0.8855791687965393, 0.8529551029205322, 0.8997635841369629, 0.8874704241752625, 0.9063829779624939, 0.8713948130607605, 0.8231678605079651, 0.8855791687965393, 0.8553191423416138, 0.839243471622467, 0.8699763417243958, 0.845862865447998, 0.8865247964859009, 0.9158392548561096, 0.9167848825454712, 0.8926714062690735, 0.8510638475418091, 0.914893627166748, 0.9182032942771912, 0.9021276831626892, 0.8817967176437378, 0.8614656925201416, 0.867139458656311, 0.8959810733795166, 0.9092198610305786, 0.8501182198524475, 0.8794326186180115, 0.9120567440986633, 0.8794326186180115, 0.9205673933029175, 0.9158392548561096, 0.916312038898468, 0.901654839515686, 0.9030733108520508, 0.909692645072937, 0.9011820554733276, 0.9186761379241943, 0.9130023717880249, 0.8865247964859009, 0.8917257785797119, 0.9120567440986633, 0.8997635841369629, 0.9177305102348328, 0.8359338045120239, 0.8756501078605652, 0.9011820554733276, 0.8865247964859009, 0.8964539170265198, 0.888416051864624, 0.908274233341217, 0.8652482032775879, 0.8874704241752625, 0.8808510899543762, 0.9144207835197449, 0.9049645662307739, 0.8751773238182068, 0.8827423453330994, 0.8988179564476013, 0.8860520124435425, 0.9196217656135559, 0.8903073072433472, 0.880378246307373, 0.8472813367843628, 0.880378246307373, 0.8997635841369629]",0.6541666984558105,0.8882032632827759,0.9053030014038086,0.9053030014038086,0.1666666716337204,0.8694201111793518,0.8907801418439716,0.11198925971984863
28,100,100,0,28,72,"[0.0, 0.0, 0.0, 0.0, 0.0, 0.0, 0.0, 0.0, 0.0, 0.0, 0.0, 0.0, 0.0, 0.0, 0.0, 0.0, 0.0, 0.0, 0.0, 0.0, 0.0, 0.0, 0.0, 0.0, 0.0, 0.0, 0.0, 0.0, 0.0, 0.0, 0.0, 0.0, 0.0, 0.0, 0.0, 0.0, 0.0, 0.0, 0.0, 0.0, 0.0, 0.0, 0.0, 0.0, 0.0, 0.0, 0.0, 0.0, 0.0, 0.0, 0.0, 0.0, 0.0, 0.0, 0.0, 0.0, 0.0, 0.0, 0.0, 0.0, 0.0, 0.0, 0.0, 0.0, 0.0, 0.0, 0.0, 0.0, 0.0, 0.0, 0.0, 0.0, 0.0, 0.0, 0.0, 0.0, 0.0, 0.0, 0.0, 0.0, 0.0, 0.0, 0.0, 0.0, 0.0, 0.0, 0.0, 0.0, 0.0, 0.0, 0.0, 0.0, 0.0, 0.0, 0.0, 0.0, 0.0, 0.0, 0.0, 0.0]","[0.7089061737060547, 0.7186662554740906, 0.657770037651062, 0.7159223556518555, 0.6457481980323792, 0.7065948843955994, 0.6565755009651184, 0.6498074531555176, 0.6651602983474731, 0.7240817546844482, 0.6618233919143677, 0.6606425046920776, 0.7188400030136108, 0.7333546280860901, 0.6508934497833252, 0.6556203961372375, 0.6457512378692627, 0.6614978909492493, 0.660691499710083, 0.6666206121444702, 0.667919397354126, 0.7308136224746704, 0.6518802046775818, 0.6500756144523621, 0.677017092704773, 0.6695846319198608, 0.6652475595474243, 0.6588742136955261, 0.7184202671051025, 0.6491783261299133, 0.6494237184524536, 0.6522354483604431, 0.6652363538742065, 0.6610952019691467, 0.6641503572463989, 0.6611464023590088, 0.6585081815719604, 0.7136457562446594, 0.6600320339202881, 0.6673239469528198, 0.6631361246109009, 0.663801908493042, 0.7206488847732544, 0.6540776491165161, 0.6598910093307495, 0.6436411142349243, 0.6720657348632812, 0.7125650644302368, 0.7326534986495972, 0.7293964624404907, 0.6687343120574951, 0.7296352386474609, 0.7311055660247803, 0.649648129940033, 0.6696946620941162, 0.6652562618255615, 0.7268495559692383, 0.6782649159431458, 0.6682662963867188, 0.6684955954551697, 0.6525660157203674, 0.7376147508621216, 0.6561607122421265, 0.6556302905082703, 0.676357626914978, 0.7375409603118896, 0.6581311225891113, 0.6555567979812622, 0.7265055179595947, 0.673200249671936, 0.6545662879943848, 0.6546189785003662, 0.7190120816230774, 0.7312376499176025, 0.653985321521759, 0.7413431406021118, 0.6499243974685669, 0.7180904150009155, 0.6699330806732178, 0.6470969915390015, 0.6622527241706848, 0.7379435300827026, 0.7423863410949707, 0.6633361577987671, 0.6465479135513306, 0.6481676697731018, 0.666290819644928, 0.6619129180908203, 0.6706216335296631, 0.6378514170646667, 0.660228967666626, 0.7311277389526367, 0.6571400165557861, 0.66187584400177, 0.7228125333786011, 0.6582601070404053, 0.6553035378456116, 0.6761367321014404, 0.657464861869812, 0.6451832056045532]",0,set(),"[0.3333333432674408, 0.25, 0.75, 0.1666666716337204, 1.0, 0.25, 0.9166666865348816, 0.9166666865348816, 1.0, 0.1666666716337204, 0.9166666865348816, 1.0, 0.25, 0.1666666716337204, 1.0, 0.8333333134651184, 1.0, 0.8333333134651184, 0.8333333134651184, 0.9166666865348816, 0.9166666865348816, 0.0833333358168602, 1.0, 1.0, 0.9166666865348816, 0.8333333134651184, 0.8333333134651184, 0.8333333134651184, 0.3333333432674408, 0.9166666865348816, 1.0, 1.0, 1.0, 0.9166666865348816, 0.9166666865348816, 0.8333333134651184, 1.0, 0.1666666716337204, 0.8333333134651184, 0.9166666865348816, 0.9166666865348816, 1.0, 0.25, 1.0, 0.9166666865348816, 1.0, 0.8333333134651184, 0.25, 0.0, 0.1666666716337204, 0.75, 0.25, 0.0833333358168602, 0.9166666865348816, 1.0, 0.8333333134651184, 0.0833333358168602, 1.0, 0.9166666865348816, 0.9166666865348816, 1.0, 0.0, 0.8333333134651184, 1.0, 1.0, 0.0, 1.0, 0.8333333134651184, 0.0833333358168602, 1.0, 0.8333333134651184, 1.0, 0.0833333358168602, 0.1666666716337204, 1.0, 0.1666666716337204, 0.8333333134651184, 0.1666666716337204, 0.9166666865348816, 0.9166666865348816, 0.8333333134651184, 0.0, 0.0, 0.75, 1.0, 1.0, 0.9166666865348816, 0.6666666865348816, 0.8333333134651184, 0.9166666865348816, 0.9166666865348816, 0.1666666716337204, 1.0, 0.9166666865348816, 0.25, 0.9166666865348816, 1.0, 1.0, 1.0, 1.0]","[0.8359338045120239, 0.8846335411071777, 0.9087470173835754, 0.8501182198524475, 0.8775413632392883, 0.8354610204696655, 0.9002364277839661, 0.8907801508903503, 0.9182032942771912, 0.867139458656311, 0.908274233341217, 0.9120567440986633, 0.852482259273529, 0.8784869909286499, 0.901654839515686, 0.9078013896942139, 0.8969267010688782, 0.9144207835197449, 0.9087470173835754, 0.9172576665878296, 0.9158392548561096, 0.8855791687965393, 0.8917257785797119, 0.8903073072433472, 0.9219858050346375, 0.9257683157920837, 0.9054373502731323, 0.8978723287582397, 0.8491725921630859, 0.8978723287582397, 0.9026004672050476, 0.8959810733795166, 0.9210401773452759, 0.9044917225837708, 0.9120567440986633, 0.9049645662307739, 0.9106382727622986, 0.8496453762054443, 0.9111111164093018, 0.9205673933029175, 0.9092198610305786, 0.9167848825454712, 0.8643025755882263, 0.8813238739967346, 0.909692645072937, 0.8751773238182068, 0.9238770604133606, 0.845862865447998, 0.8898345232009888, 0.8917257785797119, 0.9210401773452759, 0.8808510899543762, 0.8969267010688782, 0.9002364277839661, 0.9205673933029175, 0.9196217656135559, 0.8661938309669495, 0.9290780425071716, 0.9101654887199402, 0.9243499040603638, 0.9002364277839661, 0.8931441903114319, 0.9040189385414124, 0.8997635841369629, 0.9300236701965332, 0.8931441903114319, 0.9002364277839661, 0.9021276831626892, 0.8600472807884216, 0.9267139434814453, 0.8836879730224609, 0.9101654887199402, 0.888416051864624, 0.8827423453330994, 0.9035460948944092, 0.8860520124435425, 0.8832151293754578, 0.8643025755882263, 0.9153664112091064, 0.8874704241752625, 0.9139479994773865, 0.8860520124435425, 0.8907801508903503, 0.9087470173835754, 0.886997640132904, 0.8931441903114319, 0.9130023717880249, 0.9068558216094971, 0.9248226881027222, 0.8586288690567017, 0.9026004672050476, 0.8827423453330994, 0.9101654887199402, 0.901654839515686, 0.8614656925201416, 0.9021276831626892, 0.9073286056518555, 0.914893627166748, 0.8931441903114319, 0.8860520124435425]",0.7074999809265137,0.8961796760559082,0.922453761100769,0.922453761100769,0.1547619253396988,0.8719013929367065,0.8992907801418439,0.2098827362060547
29,100,100,0,26,74,"[0.0, 0.0, 0.0, 0.0, 0.0, 0.0, 0.0, 0.0, 0.0, 0.0, 0.0, 0.0, 0.0, 0.0, 0.0, 0.0, 0.0, 0.0, 0.0, 0.0, 0.0, 0.0, 0.0, 0.0, 0.0, 0.0, 0.0, 0.0, 0.0, 0.0, 0.0, 0.0, 0.0, 0.0, 0.0, 0.0, 0.0, 0.0, 0.0, 0.0, 0.0, 0.0, 0.0, 0.0, 0.0, 0.0, 0.0, 0.0, 0.0, 0.0, 0.0, 0.0, 0.0, 0.0, 0.0, 0.0, 0.0, 0.0, 0.0, 0.0, 0.0, 0.0, 0.0, 0.0, 0.0, 0.0, 0.0, 0.0, 0.0, 0.0, 0.0, 0.0, 0.0, 0.0, 0.0, 0.0, 0.0, 0.0, 0.0, 0.0, 0.0, 0.0, 0.0, 0.0, 0.0, 0.0, 0.0, 0.0, 0.0, 0.0, 0.0, 0.0, 0.0, 0.0, 0.0, 0.0, 0.0, 0.0, 0.0, 0.0]","[0.7275619506835938, 0.6756892204284668, 0.6402612924575806, 0.6418425440788269, 0.6794354915618896, 0.6673774719238281, 0.6506303548812866, 0.6369224786758423, 0.7244695425033569, 0.6540038585662842, 0.6481504440307617, 0.7226706743240356, 0.6400797963142395, 0.6583734750747681, 0.6538009643554688, 0.6697051525115967, 0.6607518196105957, 0.6542754769325256, 0.7399870157241821, 0.7285575866699219, 0.6545898914337158, 0.7241633534431458, 0.661526083946228, 0.7399775981903076, 0.6696282625198364, 0.719083309173584, 0.6732203960418701, 0.6725407242774963, 0.669901967048645, 0.6486484408378601, 0.6702579259872437, 0.6460620164871216, 0.6729083061218262, 0.6753857135772705, 0.6538037061691284, 0.7569634914398193, 0.6641477942466736, 0.7286300659179688, 0.7329400777816772, 0.6548051834106445, 0.6598931550979614, 0.6659375429153442, 0.6675441265106201, 0.6772630214691162, 0.6730238199234009, 0.6523381471633911, 0.6446154117584229, 0.6720906496047974, 0.7416337728500366, 0.6684072017669678, 0.6501190662384033, 0.647188127040863, 0.7129216194152832, 0.6716865301132202, 0.6638251543045044, 0.6684203147888184, 0.6339871883392334, 0.6554023027420044, 0.6565422415733337, 0.7208425402641296, 0.6495352983474731, 0.6451919078826904, 0.65677809715271, 0.6517155766487122, 0.6449483036994934, 0.6419621706008911, 0.6631835103034973, 0.6637071371078491, 0.7422043085098267, 0.65650874376297, 0.7258336544036865, 0.7290298938751221, 0.6440889835357666, 0.7218866348266602, 0.6570942401885986, 0.6466279029846191, 0.6638003587722778, 0.6608409881591797, 0.6618698835372925, 0.6587591171264648, 0.7256228923797607, 0.7413073778152466, 0.730602502822876, 0.6472852230072021, 0.7341703176498413, 0.6570903658866882, 0.7236294150352478, 0.6577795147895813, 0.726605236530304, 0.6650797128677368, 0.6589106917381287, 0.6463518142700195, 0.641021728515625, 0.6529675126075745, 0.7328304052352905, 0.6727572679519653, 0.6616043448448181, 0.6575775146484375, 0.6443220376968384, 0.7294085025787354]",0,set(),"[0.1666666716337204, 1.0, 0.9166666865348816, 0.9166666865348816, 0.8333333134651184, 0.9166666865348816, 0.8333333134651184, 1.0, 0.1666666716337204, 1.0, 1.0, 0.0833333358168602, 1.0, 0.9166666865348816, 0.9166666865348816, 0.9166666865348816, 0.9166666865348816, 0.9166666865348816, 0.0, 0.25, 0.8333333134651184, 0.25, 0.9166666865348816, 0.0833333358168602, 0.8333333134651184, 0.1666666716337204, 0.8333333134651184, 0.6666666865348816, 0.9166666865348816, 0.9166666865348816, 0.8333333134651184, 1.0, 0.75, 0.8333333134651184, 0.9166666865348816, 0.0, 1.0, 0.1666666716337204, 0.1666666716337204, 0.8333333134651184, 1.0, 0.75, 0.8333333134651184, 1.0, 0.75, 1.0, 1.0, 0.8333333134651184, 0.0, 1.0, 1.0, 1.0, 0.25, 0.9166666865348816, 1.0, 0.9166666865348816, 1.0, 1.0, 1.0, 0.3333333432674408, 0.9166666865348816, 0.9166666865348816, 0.8333333134651184, 0.9166666865348816, 1.0, 1.0, 0.9166666865348816, 0.9166666865348816, 0.25, 0.8333333134651184, 0.25, 0.0, 1.0, 0.0833333358168602, 0.8333333134651184, 0.9166666865348816, 0.9166666865348816, 0.75, 1.0, 0.8333333134651184, 0.1666666716337204, 0.0, 0.25, 0.9166666865348816, 0.1666666716337204, 0.9166666865348816, 0.1666666716337204, 1.0, 0.0833333358168602, 1.0, 1.0, 0.9166666865348816, 1.0, 0.8333333134651184, 0.1666666716337204, 0.75, 0.8333333134651184, 0.8333333134651184, 0.9166666865348816, 0.3333333432674408]","[0.8765957355499268, 0.9314420819282532, 0.886997640132904, 0.8874704241752625, 0.9314420819282532, 0.9252955317497253, 0.8907801508903503, 0.8931441903114319, 0.8728132247924805, 0.914893627166748, 0.9078013896942139, 0.886997640132904, 0.8945626616477966, 0.9139479994773865, 0.9035460948944092, 0.9300236701965332, 0.9153664112091064, 0.9030733108520508, 0.8921985626220703, 0.8638297915458679, 0.9115839004516602, 0.8732860684394836, 0.9252955317497253, 0.9049645662307739, 0.9276595711708069, 0.8761229515075684, 0.922931432723999, 0.9290780425071716, 0.9267139434814453, 0.8940898180007935, 0.9290780425071716, 0.901654839515686, 0.9234042763710022, 0.9333333373069763, 0.8931441903114319, 0.9234042763710022, 0.9238770604133606, 0.8912529349327087, 0.8907801508903503, 0.8978723287582397, 0.9125295281410217, 0.9219858050346375, 0.9200945496559143, 0.9323877096176147, 0.9300236701965332, 0.9120567440986633, 0.8992908000946045, 0.9271867871284485, 0.9007092118263245, 0.9248226881027222, 0.8978723287582397, 0.9111111164093018, 0.8562647700309753, 0.9224586486816406, 0.9234042763710022, 0.9300236701965332, 0.8855791687965393, 0.9092198610305786, 0.908274233341217, 0.8643025755882263, 0.9115839004516602, 0.8969267010688782, 0.9153664112091064, 0.9063829779624939, 0.8940898180007935, 0.888416051864624, 0.9101654887199402, 0.9224586486816406, 0.8992908000946045, 0.922931432723999, 0.8912529349327087, 0.8851063847541809, 0.9002364277839661, 0.8874704241752625, 0.9177305102348328, 0.8936170339584351, 0.9234042763710022, 0.8945626616477966, 0.9210401773452759, 0.8992908000946045, 0.8794326186180115, 0.9130023717880249, 0.9026004672050476, 0.9049645662307739, 0.8988179564476013, 0.9144207835197449, 0.8917257785797119, 0.9167848825454712, 0.8638297915458679, 0.9248226881027222, 0.9205673933029175, 0.8912529349327087, 0.8770685791969299, 0.8959810733795166, 0.9073286056518555, 0.9286051988601685, 0.9087470173835754, 0.9200945496559143, 0.8865247964859009, 0.8964539170265198]",0.7150000929832458,0.9053568840026855,0.912162184715271,0.912162184715271,0.1538461595773697,0.8880706429481506,0.9059101654846335,0.21069025993347168
30,100,100,0,29,71,"[0.0, 0.0, 0.0, 0.0, 0.0, 0.0, 0.0, 0.0, 0.0, 0.0, 0.0, 0.0, 0.0, 0.0, 0.0, 0.0, 0.0, 0.0, 0.0, 0.0, 0.0, 0.0, 0.0, 0.0, 0.0, 0.0, 0.0, 0.0, 0.0, 0.0, 0.0, 0.0, 0.0, 0.0, 0.0, 0.0, 0.0, 0.0, 0.0, 0.0, 0.0, 0.0, 0.0, 0.0, 0.0, 0.0, 0.0, 0.0, 0.0, 0.0, 0.0, 0.0, 0.0, 0.0, 0.0, 0.0, 0.0, 0.0, 0.0, 0.0, 0.0, 0.0, 0.0, 0.0, 0.0, 0.0, 0.0, 0.0, 0.0, 0.0, 0.0, 0.0, 0.0, 0.0, 0.0, 0.0, 0.0, 0.0, 0.0, 0.0, 0.0, 0.0, 0.0, 0.0, 0.0, 0.0, 0.0, 0.0, 0.0, 0.0, 0.0, 0.0, 0.0, 0.0, 0.0, 0.0, 0.0, 0.0, 0.0, 0.0]","[0.6495819091796875, 0.6657942533493042, 0.7431914210319519, 0.6510995626449585, 0.6751503944396973, 0.6686791181564331, 0.6422829627990723, 0.654944658279419, 0.6706246137619019, 0.6525701284408569, 0.6663423776626587, 0.661898672580719, 0.6555773019790649, 0.6622714400291443, 0.635591983795166, 0.7392376065254211, 0.6749739646911621, 0.6388188600540161, 0.7199057340621948, 0.7259236574172974, 0.7410277128219604, 0.6621048450469971, 0.6610997915267944, 0.7374119758605957, 0.6498526334762573, 0.7271994352340698, 0.6332824230194092, 0.7200021743774414, 0.6333861351013184, 0.7228321433067322, 0.657171368598938, 0.6633508205413818, 0.668509840965271, 0.6626969575881958, 0.654975175857544, 0.6368162631988525, 0.6671711206436157, 0.6716142296791077, 0.7535892128944397, 0.7150628566741943, 0.6651109457015991, 0.7519658803939819, 0.6637749671936035, 0.6496127247810364, 0.7529841065406799, 0.6669874787330627, 0.7438355684280396, 0.7335870265960693, 0.6470771431922913, 0.655631422996521, 0.65549635887146, 0.6498922109603882, 0.6711111068725586, 0.711272120475769, 0.7417265772819519, 0.657034158706665, 0.7248721122741699, 0.6545106172561646, 0.6614201068878174, 0.6509997248649597, 0.6657642126083374, 0.7312183380126953, 0.6655267477035522, 0.6473565101623535, 0.6505623459815979, 0.6688061356544495, 0.6533474326133728, 0.6424912214279175, 0.6442175507545471, 0.6518973112106323, 0.6563066244125366, 0.654836893081665, 0.6635304689407349, 0.6592608690261841, 0.7148388624191284, 0.7164876461029053, 0.6544121503829956, 0.6520112752914429, 0.6388285160064697, 0.6605710387229919, 0.7345829010009766, 0.7248281836509705, 0.6492217779159546, 0.655523419380188, 0.7263638377189636, 0.6680526733398438, 0.6483227014541626, 0.7203675508499146, 0.7303810119628906, 0.6687893867492676, 0.666996955871582, 0.6476778984069824, 0.643780529499054, 0.7208308577537537, 0.7095651030540466, 0.6662168502807617, 0.6501192450523376, 0.6675890684127808, 0.7392727136611938, 0.6460691094398499]",0,set(),"[0.9166666865348816, 0.9166666865348816, 0.0, 1.0, 0.9166666865348816, 0.9166666865348816, 0.9166666865348816, 0.9166666865348816, 1.0, 1.0, 0.9166666865348816, 1.0, 0.9166666865348816, 0.9166666865348816, 1.0, 0.0, 0.9166666865348816, 1.0, 0.25, 0.25, 0.0, 0.9166666865348816, 0.9166666865348816, 0.0833333358168602, 0.9166666865348816, 0.0, 1.0, 0.0833333358168602, 0.9166666865348816, 0.0833333358168602, 1.0, 0.9166666865348816, 0.9166666865348816, 0.8333333134651184, 1.0, 0.9166666865348816, 0.8333333134651184, 0.75, 0.0, 0.3333333432674408, 0.9166666865348816, 0.0, 0.8333333134651184, 0.9166666865348816, 0.0, 1.0, 0.0, 0.0, 1.0, 1.0, 1.0, 1.0, 0.75, 0.3333333432674408, 0.0, 0.9166666865348816, 0.25, 1.0, 0.9166666865348816, 1.0, 0.75, 0.0833333358168602, 0.9166666865348816, 1.0, 1.0, 1.0, 1.0, 1.0, 1.0, 0.9166666865348816, 1.0, 0.9166666865348816, 1.0, 0.9166666865348816, 0.3333333432674408, 0.1666666716337204, 0.6666666865348816, 0.8333333134651184, 0.8333333134651184, 1.0, 0.0, 0.0833333358168602, 1.0, 0.8333333134651184, 0.0833333358168602, 0.8333333134651184, 0.8333333134651184, 0.1666666716337204, 0.25, 0.8333333134651184, 0.9166666865348816, 0.9166666865348816, 0.9166666865348816, 0.0833333358168602, 0.4166666567325592, 0.8333333134651184, 0.9166666865348816, 0.9166666865348816, 0.0833333358168602, 0.9166666865348816]","[0.8945626616477966, 0.9210401773452759, 0.9106382727622986, 0.9234042763710022, 0.9342789649963379, 0.9262411594390869, 0.9049645662307739, 0.908274233341217, 0.9338061213493347, 0.9078013896942139, 0.9286051988601685, 0.9243499040603638, 0.9196217656135559, 0.9238770604133606, 0.9021276831626892, 0.9044917225837708, 0.9314420819282532, 0.8978723287582397, 0.8931441903114319, 0.8822695016860962, 0.9026004672050476, 0.9234042763710022, 0.9267139434814453, 0.8936170339584351, 0.9134751558303833, 0.8917257785797119, 0.8879432678222656, 0.8765957355499268, 0.8794326186180115, 0.8813238739967346, 0.922931432723999, 0.9267139434814453, 0.9238770604133606, 0.9210401773452759, 0.9252955317497253, 0.9026004672050476, 0.9248226881027222, 0.9342789649963379, 0.9158392548561096, 0.8751773238182068, 0.9314420819282532, 0.9262411594390869, 0.9262411594390869, 0.9111111164093018, 0.9267139434814453, 0.9286051988601685, 0.9101654887199402, 0.8997635841369629, 0.9130023717880249, 0.9120567440986633, 0.921513020992279, 0.9153664112091064, 0.9281324148178101, 0.8614656925201416, 0.9111111164093018, 0.8964539170265198, 0.8865247964859009, 0.9049645662307739, 0.9238770604133606, 0.921513020992279, 0.9304964542388916, 0.8983451724052429, 0.9314420819282532, 0.9054373502731323, 0.9224586486816406, 0.9333333373069763, 0.914893627166748, 0.9059101939201355, 0.9035460948944092, 0.9035460948944092, 0.9234042763710022, 0.922931432723999, 0.9177305102348328, 0.9248226881027222, 0.867139458656311, 0.8680850863456726, 0.9200945496559143, 0.9234042763710022, 0.9030733108520508, 0.9267139434814453, 0.9139479994773865, 0.8945626616477966, 0.9063829779624939, 0.9177305102348328, 0.8907801508903503, 0.9319148659706116, 0.9167848825454712, 0.8827423453330994, 0.8789598345756531, 0.9276595711708069, 0.9333333373069763, 0.9125295281410217, 0.9073286056518555, 0.8978723287582397, 0.8676123023033142, 0.9238770604133606, 0.909692645072937, 0.9248226881027222, 0.9115839004516602, 0.8969267010688782]",0.690833330154419,0.9107234477996826,0.9248825907707214,0.9248825907707214,0.11781609803438187,0.8938289880752563,0.9134751773049645,0.11389636993408203
31,100,100,0,29,71,"[0.0, 0.0, 0.0, 0.0, 0.0, 0.0, 0.0, 0.0, 0.0, 0.0, 0.0, 0.0, 0.0, 0.0, 0.0, 0.0, 0.0, 0.0, 0.0, 0.0, 0.0, 0.0, 0.0, 0.0, 0.0, 0.0, 0.0, 0.0, 0.0, 0.0, 0.0, 0.0, 0.0, 0.0, 0.0, 0.0, 0.0, 0.0, 0.0, 0.0, 0.0, 0.0, 0.0, 0.0, 0.0, 0.0, 0.0, 0.0, 0.0, 0.0, 0.0, 0.0, 0.0, 0.0, 0.0, 0.0, 0.0, 0.0, 0.0, 0.0, 0.0, 0.0, 0.0, 0.0, 0.0, 0.0, 0.0, 0.0, 0.0, 0.0, 0.0, 0.0, 0.0, 0.0, 0.0, 0.0, 0.0, 0.0, 0.0, 0.0, 0.0, 0.0, 0.0, 0.0, 0.0, 0.0, 0.0, 0.0, 0.0, 0.0, 0.0, 0.0, 0.0, 0.0, 0.0, 0.0, 0.0, 0.0, 0.0, 0.0]","[0.6550863981246948, 0.7439125776290894, 0.6451395153999329, 0.6528135538101196, 0.7240358591079712, 0.7542155981063843, 0.7372491955757141, 0.6547192335128784, 0.7263928055763245, 0.6639370918273926, 0.6647242903709412, 0.6647021770477295, 0.6571918725967407, 0.6677258014678955, 0.6398677825927734, 0.7447080612182617, 0.747079610824585, 0.6731599569320679, 0.6360427737236023, 0.7316340208053589, 0.7256201505661011, 0.6430214643478394, 0.672096848487854, 0.6478567123413086, 0.6603069305419922, 0.6557856798171997, 0.6322888731956482, 0.6536475419998169, 0.6437046527862549, 0.641425609588623, 0.6607977151870728, 0.6649149656295776, 0.7305564880371094, 0.7433978319168091, 0.7203090190887451, 0.6484894156455994, 0.7154843807220459, 0.6480045318603516, 0.6577870845794678, 0.6566458940505981, 0.6503525376319885, 0.6730377674102783, 0.631237268447876, 0.6648975610733032, 0.6529535055160522, 0.6594482660293579, 0.6510931849479675, 0.6529006958007812, 0.7373453974723816, 0.6568002700805664, 0.65013587474823, 0.7391189336776733, 0.7277422547340393, 0.7160106301307678, 0.642814576625824, 0.7396605014801025, 0.6589033603668213, 0.6574010848999023, 0.6525619029998779, 0.671478807926178, 0.6499704122543335, 0.6528565883636475, 0.6509618759155273, 0.7334445714950562, 0.6532599925994873, 0.7464024424552917, 0.6557202339172363, 0.6600055694580078, 0.7278738021850586, 0.7441741228103638, 0.720454216003418, 0.6556907892227173, 0.7552157640457153, 0.6309775114059448, 0.6556351780891418, 0.7479151487350464, 0.6437463164329529, 0.6459255218505859, 0.6653454899787903, 0.6647268533706665, 0.6548181772232056, 0.651030957698822, 0.6581352949142456, 0.7305842638015747, 0.7548695802688599, 0.662318229675293, 0.6607531905174255, 0.6637749671936035, 0.6488837003707886, 0.6637514233589172, 0.6339777112007141, 0.6641489863395691, 0.6492905616760254, 0.6396896839141846, 0.7327080965042114, 0.655957043170929, 0.646170973777771, 0.6534240245819092, 0.6625238060951233, 0.7420283555984497]",0,set(),"[1.0, 0.1666666716337204, 1.0, 1.0, 0.1666666716337204, 0.0, 0.0833333358168602, 1.0, 0.0, 0.6666666865348816, 0.8333333134651184, 0.75, 0.9166666865348816, 0.75, 1.0, 0.0833333358168602, 0.0, 0.9166666865348816, 1.0, 0.3333333432674408, 0.0, 0.9166666865348816, 1.0, 0.8333333134651184, 0.9166666865348816, 0.9166666865348816, 1.0, 0.9166666865348816, 0.9166666865348816, 1.0, 0.9166666865348816, 1.0, 0.0, 0.0, 0.4166666567325592, 1.0, 0.25, 1.0, 0.9166666865348816, 0.8333333134651184, 1.0, 1.0, 0.9166666865348816, 1.0, 0.75, 1.0, 1.0, 0.75, 0.1666666716337204, 0.9166666865348816, 0.9166666865348816, 0.0, 0.0833333358168602, 0.1666666716337204, 0.9166666865348816, 0.0833333358168602, 0.75, 0.9166666865348816, 1.0, 0.9166666865348816, 1.0, 1.0, 0.8333333134651184, 0.1666666716337204, 1.0, 0.0833333358168602, 1.0, 1.0, 0.1666666716337204, 0.0833333358168602, 0.0833333358168602, 1.0, 0.0, 1.0, 0.9166666865348816, 0.0, 0.9166666865348816, 0.9166666865348816, 0.8333333134651184, 0.9166666865348816, 1.0, 0.8333333134651184, 1.0, 0.1666666716337204, 0.0833333358168602, 1.0, 0.8333333134651184, 0.8333333134651184, 1.0, 0.9166666865348816, 1.0, 1.0, 1.0, 1.0, 0.25, 1.0, 0.9166666865348816, 0.9166666865348816, 0.75, 0.0]","[0.9134751558303833, 0.9068558216094971, 0.9044917225837708, 0.9172576665878296, 0.9002364277839661, 0.93096923828125, 0.9040189385414124, 0.92955082654953, 0.9044917225837708, 0.9338061213493347, 0.9323877096176147, 0.9338061213493347, 0.9049645662307739, 0.9281324148178101, 0.9177305102348328, 0.914893627166748, 0.9044917225837708, 0.9300236701965332, 0.9092198610305786, 0.9011820554733276, 0.9035460948944092, 0.9134751558303833, 0.9286051988601685, 0.9205673933029175, 0.9314420819282532, 0.9281324148178101, 0.9125295281410217, 0.9276595711708069, 0.9205673933029175, 0.9049645662307739, 0.9243499040603638, 0.9300236701965332, 0.8988179564476013, 0.9021276831626892, 0.8959810733795166, 0.9238770604133606, 0.8784869909286499, 0.9011820554733276, 0.922931432723999, 0.92955082654953, 0.9257683157920837, 0.9286051988601685, 0.8855791687965393, 0.9328604936599731, 0.9248226881027222, 0.9167848825454712, 0.922931432723999, 0.9073286056518555, 0.9059101939201355, 0.9304964542388916, 0.9125295281410217, 0.9134751558303833, 0.8978723287582397, 0.8747044801712036, 0.9120567440986633, 0.9205673933029175, 0.9262411594390869, 0.909692645072937, 0.9120567440986633, 0.9328604936599731, 0.9196217656135559, 0.9087470173835754, 0.9130023717880249, 0.9044917225837708, 0.9224586486816406, 0.9153664112091064, 0.9205673933029175, 0.9276595711708069, 0.9087470173835754, 0.9257683157920837, 0.888416051864624, 0.9248226881027222, 0.93096923828125, 0.8978723287582397, 0.9234042763710022, 0.9130023717880249, 0.9044917225837708, 0.9120567440986633, 0.9314420819282532, 0.9347517490386963, 0.921513020992279, 0.9158392548561096, 0.921513020992279, 0.8921985626220703, 0.9238770604133606, 0.9172576665878296, 0.9333333373069763, 0.922931432723999, 0.9101654887199402, 0.9281324148178101, 0.9026004672050476, 0.9314420819282532, 0.9271867871284485, 0.8955082893371582, 0.9026004672050476, 0.9276595711708069, 0.9205673933029175, 0.9134751558303833, 0.9267139434814453, 0.9144207835197449]",0.690833330154419,0.9159054756164551,0.9295774698257446,0.9295774698257446,0.10632183402776718,0.9061547517776489,0.9191489361702128,0.11293482780456543
32,100,100,0,29,71,"[0.0, 0.0, 0.0, 0.0, 0.0, 0.0, 0.0, 0.0, 0.0, 0.0, 0.0, 0.0, 0.0, 0.0, 0.0, 0.0, 0.0, 0.0, 0.0, 0.0, 0.0, 0.0, 0.0, 0.0, 0.0, 0.0, 0.0, 0.0, 0.0, 0.0, 0.0, 0.0, 0.0, 0.0, 0.0, 0.0, 0.0, 0.0, 0.0, 0.0, 0.0, 0.0, 0.0, 0.0, 0.0, 0.0, 0.0, 0.0, 0.0, 0.0, 0.0, 0.0, 0.0, 0.0, 0.0, 0.0, 0.0, 0.0, 0.0, 0.0, 0.0, 0.0, 0.0, 0.0, 0.0, 0.0, 0.0, 0.0, 0.0, 0.0, 0.0, 0.0, 0.0, 0.0, 0.0, 0.0, 0.0, 0.0, 0.0, 0.0, 0.0, 0.0, 0.0, 0.0, 0.0, 0.0, 0.0, 0.0, 0.0, 0.0, 0.0, 0.0, 0.0, 0.0, 0.0, 0.0, 0.0, 0.0, 0.0, 0.0]","[0.6697230339050293, 0.6524261236190796, 0.6531513929367065, 0.6601287126541138, 0.6596834063529968, 0.7242584228515625, 0.662580132484436, 0.6443475484848022, 0.727655291557312, 0.6386430263519287, 0.6590787172317505, 0.7575117349624634, 0.6639436483383179, 0.6568189859390259, 0.7468686699867249, 0.7100446224212646, 0.6587592363357544, 0.6536157727241516, 0.6612908244132996, 0.7207033634185791, 0.6453478336334229, 0.7293126583099365, 0.659627377986908, 0.7175217866897583, 0.6645793914794922, 0.6513088941574097, 0.668297290802002, 0.6641709804534912, 0.6582050323486328, 0.7476919293403625, 0.6538898944854736, 0.6470166444778442, 0.6602144837379456, 0.6372627019882202, 0.6434518098831177, 0.7332503795623779, 0.657577395439148, 0.7278400659561157, 0.6497780680656433, 0.6384928822517395, 0.7409203052520752, 0.7236989736557007, 0.7208495736122131, 0.6557090878486633, 0.6493730545043945, 0.6524811387062073, 0.6353937387466431, 0.6627034544944763, 0.7406296730041504, 0.638567328453064, 0.6591639518737793, 0.63298499584198, 0.7213313579559326, 0.6623586416244507, 0.6513267755508423, 0.638947606086731, 0.661226212978363, 0.6557009220123291, 0.6788175106048584, 0.7501462697982788, 0.6624699831008911, 0.655070424079895, 0.6646027565002441, 0.6356945037841797, 0.725341260433197, 0.6354290843009949, 0.6612014770507812, 0.6399321556091309, 0.7272413372993469, 0.6550580263137817, 0.7344415783882141, 0.7190533876419067, 0.664941132068634, 0.658051609992981, 0.6490024328231812, 0.6687131524085999, 0.6388176679611206, 0.7579860091209412, 0.6431647539138794, 0.6477646827697754, 0.7134023904800415, 0.6621507406234741, 0.6575084328651428, 0.6407542824745178, 0.7335643768310547, 0.746268630027771, 0.6517769694328308, 0.6706734895706177, 0.7262336611747742, 0.6624367833137512, 0.7224140167236328, 0.7294635772705078, 0.6577748656272888, 0.6543022990226746, 0.6390358209609985, 0.7150875926017761, 0.6628624796867371, 0.6407634615898132, 0.6593798398971558, 0.6522284150123596]",0,set(),"[0.75, 1.0, 1.0, 1.0, 1.0, 0.3333333432674408, 0.9166666865348816, 1.0, 0.0833333358168602, 0.9166666865348816, 0.9166666865348816, 0.0, 0.9166666865348816, 0.9166666865348816, 0.0, 0.25, 0.8333333134651184, 1.0, 0.9166666865348816, 0.0833333358168602, 1.0, 0.1666666716337204, 1.0, 0.0833333358168602, 0.8333333134651184, 1.0, 0.9166666865348816, 1.0, 0.9166666865348816, 0.0, 0.9166666865348816, 1.0, 0.9166666865348816, 0.9166666865348816, 0.9166666865348816, 0.0833333358168602, 0.9166666865348816, 0.25, 0.9166666865348816, 1.0, 0.0833333358168602, 0.1666666716337204, 0.25, 0.8333333134651184, 0.9166666865348816, 0.8333333134651184, 0.9166666865348816, 0.6666666865348816, 0.0, 1.0, 1.0, 1.0, 0.0833333358168602, 0.75, 0.9166666865348816, 1.0, 1.0, 1.0, 0.8333333134651184, 0.0, 0.8333333134651184, 1.0, 1.0, 1.0, 0.1666666716337204, 1.0, 0.9166666865348816, 1.0, 0.1666666716337204, 1.0, 0.0833333358168602, 0.0833333358168602, 0.75, 1.0, 1.0, 0.8333333134651184, 0.9166666865348816, 0.0, 1.0, 0.9166666865348816, 0.3333333432674408, 0.75, 0.75, 1.0, 0.0833333358168602, 0.0833333358168602, 1.0, 1.0, 0.0833333358168602, 0.9166666865348816, 0.25, 0.0833333358168602, 1.0, 1.0, 1.0, 0.25, 1.0, 1.0, 0.9166666865348816, 0.9166666865348816]","[0.9380614757537842, 0.9319148659706116, 0.9252955317497253, 0.9314420819282532, 0.9300236701965332, 0.9035460948944092, 0.9333333373069763, 0.9177305102348328, 0.8903073072433472, 0.9186761379241943, 0.9304964542388916, 0.9338061213493347, 0.9352245926856995, 0.9252955317497253, 0.9238770604133606, 0.8841607570648193, 0.9304964542388916, 0.9182032942771912, 0.92955082654953, 0.8926714062690735, 0.9243499040603638, 0.9054373502731323, 0.9333333373069763, 0.8888888955116272, 0.9338061213493347, 0.9196217656135559, 0.9323877096176147, 0.9352245926856995, 0.9300236701965332, 0.9290780425071716, 0.93096923828125, 0.9120567440986633, 0.9300236701965332, 0.9078013896942139, 0.9144207835197449, 0.8978723287582397, 0.93096923828125, 0.8969267010688782, 0.9210401773452759, 0.916312038898468, 0.9167848825454712, 0.9134751558303833, 0.886997640132904, 0.9276595711708069, 0.9238770604133606, 0.921513020992279, 0.9134751558303833, 0.936170220375061, 0.9172576665878296, 0.9106382727622986, 0.9323877096176147, 0.9153664112091064, 0.8978723287582397, 0.9271867871284485, 0.9238770604133606, 0.9210401773452759, 0.9300236701965332, 0.9257683157920837, 0.942789614200592, 0.9186761379241943, 0.9323877096176147, 0.9304964542388916, 0.9314420819282532, 0.9078013896942139, 0.9007092118263245, 0.901654839515686, 0.9314420819282532, 0.9196217656135559, 0.9158392548561096, 0.9276595711708069, 0.9144207835197449, 0.8879432678222656, 0.9352245926856995, 0.9205673933029175, 0.9210401773452759, 0.936170220375061, 0.9153664112091064, 0.9286051988601685, 0.9177305102348328, 0.9262411594390869, 0.8770685791969299, 0.9319148659706116, 0.9290780425071716, 0.9167848825454712, 0.9030733108520508, 0.9257683157920837, 0.9224586486816406, 0.9366430044174194, 0.8983451724052429, 0.936170220375061, 0.9063829779624939, 0.9191489219665527, 0.9210401773452759, 0.9210401773452759, 0.9158392548561096, 0.8888888955116272, 0.9328604936599731, 0.9182032942771912, 0.9352245926856995, 0.9243499040603638]",0.6991667151451111,0.9198014140129089,0.9342723488807678,0.9342723488807678,0.12356322258710861,0.9056493639945984,0.9229314420803783,0.21557331085205078
33,100,100,0,25,75,"[0.0, 0.0, 0.0, 0.0, 0.0, 0.0, 0.0, 0.0, 0.0, 0.0, 0.0, 0.0, 0.0, 0.0, 0.0, 0.0, 0.0, 0.0, 0.0, 0.0, 0.0, 0.0, 0.0, 0.0, 0.0, 0.0, 0.0, 0.0, 0.0, 0.0, 0.0, 0.0, 0.0, 0.0, 0.0, 0.0, 0.0, 0.0, 0.0, 0.0, 0.0, 0.0, 0.0, 0.0, 0.0, 0.0, 0.0, 0.0, 0.0, 0.0, 0.0, 0.0, 0.0, 0.0, 0.0, 0.0, 0.0, 0.0, 0.0, 0.0, 0.0, 0.0, 0.0, 0.0, 0.0, 0.0, 0.0, 0.0, 0.0, 0.0, 0.0, 0.0, 0.0, 0.0, 0.0, 0.0, 0.0, 0.0, 0.0, 0.0, 0.0, 0.0, 0.0, 0.0, 0.0, 0.0, 0.0, 0.0, 0.0, 0.0, 0.0, 0.0, 0.0, 0.0, 0.0, 0.0, 0.0, 0.0, 0.0, 0.0]","[0.7526967525482178, 0.6465559005737305, 0.7504980564117432, 0.7369414567947388, 0.6586039662361145, 0.6297112703323364, 0.6580262780189514, 0.639496922492981, 0.6742902994155884, 0.6530944108963013, 0.6570780873298645, 0.7294014692306519, 0.6610283851623535, 0.6668622493743896, 0.7367514967918396, 0.6501574516296387, 0.6417303085327148, 0.6464856863021851, 0.7376500368118286, 0.6426397562026978, 0.7438877820968628, 0.651707649230957, 0.6332577466964722, 0.649931788444519, 0.6593338251113892, 0.6513363718986511, 0.6415917873382568, 0.6712509393692017, 0.6551442742347717, 0.6478385925292969, 0.657715916633606, 0.6651962995529175, 0.6674964427947998, 0.6455268263816833, 0.6711889505386353, 0.6609639525413513, 0.652723491191864, 0.6448761224746704, 0.6256543397903442, 0.6713484525680542, 0.6515081524848938, 0.7144082188606262, 0.6434541940689087, 0.6611292958259583, 0.6612234115600586, 0.7596125602722168, 0.6493213176727295, 0.6541668176651001, 0.6652238368988037, 0.7116269469261169, 0.6687193512916565, 0.6486241817474365, 0.662406325340271, 0.6525006294250488, 0.7320952415466309, 0.6471507549285889, 0.6483639478683472, 0.7399446964263916, 0.7387193441390991, 0.6547373533248901, 0.6351333260536194, 0.6428947448730469, 0.6563522815704346, 0.6402621269226074, 0.643481969833374, 0.7252160906791687, 0.7588595151901245, 0.7363383173942566, 0.7370546460151672, 0.6534912586212158, 0.7389520406723022, 0.6267303228378296, 0.6455511450767517, 0.6395783424377441, 0.6540037393569946, 0.7369370460510254, 0.657501220703125, 0.6588023900985718, 0.6545698642730713, 0.7308356761932373, 0.6577484011650085, 0.6624937653541565, 0.7405202388763428, 0.6423294544219971, 0.6598682403564453, 0.724795937538147, 0.6623086929321289, 0.6598552465438843, 0.6601608991622925, 0.6503375768661499, 0.6438642740249634, 0.7456433773040771, 0.6680818796157837, 0.6558558344841003, 0.726158082485199, 0.6578664779663086, 0.6423776149749756, 0.7371108531951904, 0.6384973526000977, 0.6437146067619324]",0,set(),"[0.0, 0.9166666865348816, 0.0, 0.0833333358168602, 0.9166666865348816, 1.0, 0.8333333134651184, 0.9166666865348816, 0.8333333134651184, 0.9166666865348816, 0.9166666865348816, 0.0, 0.9166666865348816, 0.8333333134651184, 0.1666666716337204, 0.9166666865348816, 1.0, 0.9166666865348816, 0.1666666716337204, 0.9166666865348816, 0.0, 1.0, 1.0, 1.0, 0.9166666865348816, 0.9166666865348816, 0.9166666865348816, 0.9166666865348816, 0.8333333134651184, 0.9166666865348816, 0.9166666865348816, 0.9166666865348816, 1.0, 1.0, 0.8333333134651184, 0.75, 0.9166666865348816, 0.9166666865348816, 1.0, 1.0, 0.9166666865348816, 0.1666666716337204, 0.8333333134651184, 0.9166666865348816, 0.8333333134651184, 0.0833333358168602, 1.0, 1.0, 0.9166666865348816, 0.1666666716337204, 0.75, 1.0, 1.0, 1.0, 0.0, 1.0, 1.0, 0.0, 0.0, 0.9166666865348816, 0.9166666865348816, 0.9166666865348816, 1.0, 1.0, 0.9166666865348816, 0.0, 0.0, 0.0833333358168602, 0.1666666716337204, 0.9166666865348816, 0.0833333358168602, 0.9166666865348816, 0.9166666865348816, 1.0, 1.0, 0.0, 0.9166666865348816, 1.0, 0.9166666865348816, 0.0, 0.9166666865348816, 0.75, 0.0833333358168602, 1.0, 1.0, 0.0833333358168602, 1.0, 0.9166666865348816, 0.8333333134651184, 0.8333333134651184, 1.0, 0.0, 0.75, 0.9166666865348816, 0.0833333358168602, 0.8333333134651184, 1.0, 0.0833333358168602, 0.9166666865348816, 0.9166666865348816]","[0.9338061213493347, 0.9248226881027222, 0.9257683157920837, 0.9191489219665527, 0.9352245926856995, 0.9210401773452759, 0.9333333373069763, 0.916312038898468, 0.9446808695793152, 0.92955082654953, 0.9338061213493347, 0.9177305102348328, 0.9399527311325073, 0.936170220375061, 0.9182032942771912, 0.9276595711708069, 0.9243499040603638, 0.9243499040603638, 0.9257683157920837, 0.9248226881027222, 0.9248226881027222, 0.9286051988601685, 0.9248226881027222, 0.9153664112091064, 0.9323877096176147, 0.9186761379241943, 0.9196217656135559, 0.936170220375061, 0.9328604936599731, 0.92955082654953, 0.9352245926856995, 0.9371158480644226, 0.9399527311325073, 0.9257683157920837, 0.9446808695793152, 0.9290780425071716, 0.9328604936599731, 0.9300236701965332, 0.9134751558303833, 0.9432623982429504, 0.93096923828125, 0.8888888955116272, 0.9210401773452759, 0.9347517490386963, 0.9356973767280579, 0.9276595711708069, 0.9200945496559143, 0.9281324148178101, 0.9385342597961426, 0.8912529349327087, 0.9399527311325073, 0.92955082654953, 0.936170220375061, 0.9267139434814453, 0.9134751558303833, 0.9191489219665527, 0.92955082654953, 0.9276595711708069, 0.9153664112091064, 0.9219858050346375, 0.908274233341217, 0.9276595711708069, 0.9338061213493347, 0.9238770604133606, 0.9172576665878296, 0.909692645072937, 0.936170220375061, 0.916312038898468, 0.9186761379241943, 0.93096923828125, 0.922931432723999, 0.914893627166748, 0.9234042763710022, 0.9191489219665527, 0.9304964542388916, 0.9238770604133606, 0.9328604936599731, 0.9347517490386963, 0.9130023717880249, 0.9115839004516602, 0.9347517490386963, 0.9380614757537842, 0.9219858050346375, 0.9120567440986633, 0.9342789649963379, 0.9125295281410217, 0.9347517490386963, 0.9338061213493347, 0.9356973767280579, 0.9352245926856995, 0.9210401773452759, 0.9323877096176147, 0.9347517490386963, 0.9304964542388916, 0.8964539170265198, 0.9328604936599731, 0.9262411594390869, 0.9063829779624939, 0.9210401773452759, 0.9186761379241943]",0.7091666460037231,0.9259054660797119,0.9255556464195251,0.9255556464195251,0.06000000610947609,0.9175413250923157,0.9290780141843972,0.11164140701293945
34,100,100,0,28,72,"[0.0, 0.0, 0.0, 0.0, 0.0, 0.0, 0.0, 0.0, 0.0, 0.0, 0.0, 0.0, 0.0, 0.0, 0.0, 0.0, 0.0, 0.0, 0.0, 0.0, 0.0, 0.0, 0.0, 0.0, 0.0, 0.0, 0.0, 0.0, 0.0, 0.0, 0.0, 0.0, 0.0, 0.0, 0.0, 0.0, 0.0, 0.0, 0.0, 0.0, 0.0, 0.0, 0.0, 0.0, 0.0, 0.0, 0.0, 0.0, 0.0, 0.0, 0.0, 0.0, 0.0, 0.0, 0.0, 0.0, 0.0, 0.0, 0.0, 0.0, 0.0, 0.0, 0.0, 0.0, 0.0, 0.0, 0.0, 0.0, 0.0, 0.0, 0.0, 0.0, 0.0, 0.0, 0.0, 0.0, 0.0, 0.0, 0.0, 0.0, 0.0, 0.0, 0.0, 0.0, 0.0, 0.0, 0.0, 0.0, 0.0, 0.0, 0.0, 0.0, 0.0, 0.0, 0.0, 0.0, 0.0, 0.0, 0.0, 0.0]","[0.6624335646629333, 0.7285579442977905, 0.636263370513916, 0.7561863660812378, 0.6461520195007324, 0.6387336254119873, 0.6442455053329468, 0.6609110832214355, 0.66023188829422, 0.6559250354766846, 0.6497238278388977, 0.6657140851020813, 0.743740439414978, 0.7430823445320129, 0.6493065357208252, 0.6654844284057617, 0.6258369088172913, 0.751403272151947, 0.7077575922012329, 0.6620051860809326, 0.6414921879768372, 0.6356679201126099, 0.6519213914871216, 0.6386455297470093, 0.6550239324569702, 0.6436659097671509, 0.6629545092582703, 0.7538386583328247, 0.659453809261322, 0.6606425046920776, 0.6449555158615112, 0.6493551135063171, 0.6374951601028442, 0.7422084808349609, 0.6500430107116699, 0.6422390937805176, 0.6392920017242432, 0.648308515548706, 0.6431478261947632, 0.6550977230072021, 0.7251017689704895, 0.6644554734230042, 0.6521839499473572, 0.6580263376235962, 0.7302902936935425, 0.6460391879081726, 0.6657826900482178, 0.739163875579834, 0.6554421186447144, 0.7312041521072388, 0.6412032842636108, 0.6700279116630554, 0.6502000093460083, 0.7466665506362915, 0.6479896903038025, 0.6295051574707031, 0.6587523221969604, 0.7126882076263428, 0.6379581689834595, 0.6566970348358154, 0.7334541082382202, 0.642229437828064, 0.6607900261878967, 0.7368243336677551, 0.6528233885765076, 0.6548384428024292, 0.7428932189941406, 0.6455783247947693, 0.7303416728973389, 0.6673754453659058, 0.6377460360527039, 0.7534880042076111, 0.7408149242401123, 0.6486688256263733, 0.642876386642456, 0.646101713180542, 0.6256943941116333, 0.7297729253768921, 0.6668381690979004, 0.6572533249855042, 0.7215055227279663, 0.6623093485832214, 0.6412320733070374, 0.6525228023529053, 0.7411677837371826, 0.752561092376709, 0.6403454542160034, 0.6459394693374634, 0.6297063827514648, 0.6562123894691467, 0.6402435302734375, 0.6618378162384033, 0.725796103477478, 0.6551424264907837, 0.7494903206825256, 0.7501785159111023, 0.7539804577827454, 0.6567065715789795, 0.6495908498764038, 0.6482176780700684]",0,set(),"[0.8333333134651184, 0.1666666716337204, 1.0, 0.0833333358168602, 0.8333333134651184, 1.0, 1.0, 1.0, 1.0, 0.9166666865348816, 0.9166666865348816, 1.0, 0.0, 0.0, 0.8333333134651184, 0.9166666865348816, 1.0, 0.0, 0.4166666567325592, 1.0, 1.0, 1.0, 0.9166666865348816, 0.9166666865348816, 1.0, 0.9166666865348816, 0.9166666865348816, 0.0, 0.9166666865348816, 0.8333333134651184, 1.0, 1.0, 1.0, 0.0833333358168602, 1.0, 1.0, 1.0, 1.0, 1.0, 0.9166666865348816, 0.1666666716337204, 1.0, 0.8333333134651184, 0.9166666865348816, 0.1666666716337204, 0.9166666865348816, 0.6666666865348816, 0.0833333358168602, 1.0, 0.25, 1.0, 0.9166666865348816, 1.0, 0.0, 0.8333333134651184, 1.0, 1.0, 0.0833333358168602, 0.9166666865348816, 0.9166666865348816, 0.0833333358168602, 1.0, 1.0, 0.0, 0.9166666865348816, 1.0, 0.0, 1.0, 0.0, 0.75, 0.9166666865348816, 0.0, 0.1666666716337204, 1.0, 1.0, 1.0, 1.0, 0.0833333358168602, 0.9166666865348816, 0.9166666865348816, 0.0833333358168602, 0.8333333134651184, 1.0, 1.0, 0.0833333358168602, 0.0, 0.9166666865348816, 0.9166666865348816, 1.0, 0.9166666865348816, 0.9166666865348816, 0.9166666865348816, 0.0833333358168602, 1.0, 0.0, 0.0, 0.0, 1.0, 0.9166666865348816, 1.0]","[0.9423167705535889, 0.9153664112091064, 0.9219858050346375, 0.9347517490386963, 0.9267139434814453, 0.9304964542388916, 0.93096923828125, 0.9371158480644226, 0.9399527311325073, 0.937588632106781, 0.9267139434814453, 0.9418439865112305, 0.9371158480644226, 0.9252955317497253, 0.9319148659706116, 0.9465721249580383, 0.9210401773452759, 0.93096923828125, 0.9063829779624939, 0.9356973767280579, 0.9248226881027222, 0.9205673933029175, 0.9323877096176147, 0.9276595711708069, 0.9352245926856995, 0.9238770604133606, 0.9366430044174194, 0.9338061213493347, 0.9413711428642273, 0.9394798874855042, 0.9252955317497253, 0.9338061213493347, 0.9224586486816406, 0.9238770604133606, 0.9347517490386963, 0.9281324148178101, 0.9328604936599731, 0.9153664112091064, 0.9338061213493347, 0.9271867871284485, 0.9044917225837708, 0.9394798874855042, 0.9371158480644226, 0.9423167705535889, 0.9271867871284485, 0.9328604936599731, 0.944208025932312, 0.92955082654953, 0.9390071034431458, 0.9073286056518555, 0.9267139434814453, 0.9394798874855042, 0.936170220375061, 0.9338061213493347, 0.936170220375061, 0.9257683157920837, 0.9347517490386963, 0.9030733108520508, 0.93096923828125, 0.9347517490386963, 0.914893627166748, 0.9328604936599731, 0.942789614200592, 0.9234042763710022, 0.9323877096176147, 0.93096923828125, 0.9186761379241943, 0.9347517490386963, 0.9125295281410217, 0.9451536536216736, 0.921513020992279, 0.936170220375061, 0.9319148659706116, 0.9371158480644226, 0.93096923828125, 0.9356973767280579, 0.9248226881027222, 0.9139479994773865, 0.942789614200592, 0.936170220375061, 0.901654839515686, 0.9394798874855042, 0.93096923828125, 0.9404255151748657, 0.9219858050346375, 0.9319148659706116, 0.9338061213493347, 0.9323877096176147, 0.9276595711708069, 0.9432623982429504, 0.9252955317497253, 0.936170220375061, 0.9106382727622986, 0.936170220375061, 0.9323877096176147, 0.9314420819282532, 0.9347517490386963, 0.9356973767280579, 0.9248226881027222, 0.9234042763710022]",0.7033332586288452,0.9301323890686035,0.9479167461395264,0.9479167461395264,0.0744047686457634,0.9224754571914673,0.9304964539007092,0.20824623107910156
35,100,100,0,33,67,"[0.0, 0.0, 0.0, 0.0, 0.0, 0.0, 0.0, 0.0, 0.0, 0.0, 0.0, 0.0, 0.0, 0.0, 0.0, 0.0, 0.0, 0.0, 0.0, 0.0, 0.0, 0.0, 0.0, 0.0, 0.0, 0.0, 0.0, 0.0, 0.0, 0.0, 0.0, 0.0, 0.0, 0.0, 0.0, 0.0, 0.0, 0.0, 0.0, 0.0, 0.0, 0.0, 0.0, 0.0, 0.0, 0.0, 0.0, 0.0, 0.0, 0.0, 0.0, 0.0, 0.0, 0.0, 0.0, 0.0, 0.0, 0.0, 0.0, 0.0, 0.0, 0.0, 0.0, 0.0, 0.0, 0.0, 0.0, 0.0, 0.0, 0.0, 0.0, 0.0, 0.0, 0.0, 0.0, 0.0, 0.0, 0.0, 0.0, 0.0, 0.0, 0.0, 0.0, 0.0, 0.0, 0.0, 0.0, 0.0, 0.0, 0.0, 0.0, 0.0, 0.0, 0.0, 0.0, 0.0, 0.0, 0.0, 0.0, 0.0]","[0.6167227029800415, 0.640931248664856, 0.6394937038421631, 0.6696622371673584, 0.7386419773101807, 0.7344062328338623, 0.6371228694915771, 0.7348710298538208, 0.6581346392631531, 0.6438195705413818, 0.6311889886856079, 0.6517559289932251, 0.7278459668159485, 0.6692891120910645, 0.6518166661262512, 0.749856173992157, 0.6670247316360474, 0.6319139003753662, 0.7529056072235107, 0.6347054839134216, 0.6529724597930908, 0.6629178524017334, 0.7142456769943237, 0.6422005891799927, 0.640285074710846, 0.7427511215209961, 0.6343346238136292, 0.6509614586830139, 0.6589541435241699, 0.6467474699020386, 0.6447895765304565, 0.6424373388290405, 0.6541624069213867, 0.6736286878585815, 0.6414903998374939, 0.7535900473594666, 0.6448478698730469, 0.7450498342514038, 0.6597727537155151, 0.6321020126342773, 0.6514788269996643, 0.7232160568237305, 0.6404595375061035, 0.6455549001693726, 0.7364883422851562, 0.6444239616394043, 0.6389161348342896, 0.6610218286514282, 0.6420382857322693, 0.6491961479187012, 0.7513114213943481, 0.7257158756256104, 0.7487305402755737, 0.644987940788269, 0.7607682943344116, 0.6587733030319214, 0.6505873799324036, 0.6594675779342651, 0.6401530504226685, 0.6515383720397949, 0.7304461598396301, 0.7254577875137329, 0.6596380472183228, 0.6595873832702637, 0.6500061750411987, 0.6503421068191528, 0.7139137983322144, 0.6509618759155273, 0.7546223402023315, 0.6516903638839722, 0.7333629131317139, 0.6503275632858276, 0.7262791395187378, 0.7331379652023315, 0.6444882750511169, 0.6522510051727295, 0.6472880840301514, 0.6474438309669495, 0.650862991809845, 0.749103307723999, 0.7445386052131653, 0.6364308595657349, 0.7339527606964111, 0.7563029527664185, 0.7373981475830078, 0.6321882009506226, 0.6515965461730957, 0.6324253678321838, 0.7560655474662781, 0.6548188328742981, 0.6327770352363586, 0.7402935028076172, 0.6393669843673706, 0.7267251014709473, 0.6455453634262085, 0.6449960470199585, 0.7268332242965698, 0.7272616624832153, 0.6373170614242554, 0.6636378169059753]",0,set(),"[0.9166666865348816, 1.0, 1.0, 1.0, 0.0, 0.1666666716337204, 1.0, 0.0833333358168602, 1.0, 0.9166666865348816, 0.9166666865348816, 1.0, 0.1666666716337204, 1.0, 0.9166666865348816, 0.0, 1.0, 0.9166666865348816, 0.0, 1.0, 1.0, 0.8333333134651184, 0.1666666716337204, 0.9166666865348816, 1.0, 0.0833333358168602, 1.0, 1.0, 0.9166666865348816, 1.0, 0.9166666865348816, 1.0, 0.8333333134651184, 0.8333333134651184, 1.0, 0.0, 0.8333333134651184, 0.0, 0.9166666865348816, 0.9166666865348816, 1.0, 0.3333333432674408, 1.0, 0.9166666865348816, 0.1666666716337204, 1.0, 1.0, 0.8333333134651184, 1.0, 1.0, 0.0, 0.0833333358168602, 0.0, 0.9166666865348816, 0.0, 1.0, 0.8333333134651184, 0.9166666865348816, 0.9166666865348816, 0.9166666865348816, 0.0833333358168602, 0.3333333432674408, 0.75, 0.75, 1.0, 0.9166666865348816, 0.0833333358168602, 1.0, 0.0, 0.9166666865348816, 0.25, 0.9166666865348816, 0.0, 0.1666666716337204, 0.8333333134651184, 1.0, 0.9166666865348816, 1.0, 0.8333333134651184, 0.0, 0.0833333358168602, 1.0, 0.0, 0.0833333358168602, 0.0, 1.0, 1.0, 1.0, 0.0, 1.0, 1.0, 0.1666666716337204, 1.0, 0.25, 0.8333333134651184, 0.9166666865348816, 0.25, 0.0833333358168602, 0.9166666865348816, 0.9166666865348816]","[0.9144207835197449, 0.9342789649963379, 0.9371158480644226, 0.9479905366897583, 0.9286051988601685, 0.9144207835197449, 0.9276595711708069, 0.9238770604133606, 0.937588632106781, 0.9248226881027222, 0.9200945496559143, 0.9267139434814453, 0.9281324148178101, 0.949409008026123, 0.9413711428642273, 0.9385342597961426, 0.9437352418899536, 0.9290780425071716, 0.9281324148178101, 0.9205673933029175, 0.9356973767280579, 0.9385342597961426, 0.9078013896942139, 0.9352245926856995, 0.9319148659706116, 0.9252955317497253, 0.9281324148178101, 0.9432623982429504, 0.9418439865112305, 0.9210401773452759, 0.9267139434814453, 0.937588632106781, 0.9423167705535889, 0.9489361643791199, 0.9262411594390869, 0.9328604936599731, 0.936170220375061, 0.922931432723999, 0.9418439865112305, 0.9243499040603638, 0.9338061213493347, 0.9063829779624939, 0.9304964542388916, 0.9371158480644226, 0.9248226881027222, 0.9380614757537842, 0.9286051988601685, 0.942789614200592, 0.9286051988601685, 0.9338061213493347, 0.9338061213493347, 0.9191489219665527, 0.936170220375061, 0.9304964542388916, 0.9338061213493347, 0.9380614757537842, 0.9413711428642273, 0.9451536536216736, 0.9290780425071716, 0.9390071034431458, 0.9300236701965332, 0.921513020992279, 0.9451536536216736, 0.9456264972686768, 0.937588632106781, 0.9356973767280579, 0.9078013896942139, 0.9366430044174194, 0.9390071034431458, 0.9314420819282532, 0.9248226881027222, 0.9399527311325073, 0.9125295281410217, 0.9210401773452759, 0.936170220375061, 0.9371158480644226, 0.9394798874855042, 0.9399527311325073, 0.9333333373069763, 0.9342789649963379, 0.9276595711708069, 0.9262411594390869, 0.9286051988601685, 0.9314420819282532, 0.9262411594390869, 0.9286051988601685, 0.9380614757537842, 0.9219858050346375, 0.9356973767280579, 0.9432623982429504, 0.9304964542388916, 0.9290780425071716, 0.92955082654953, 0.9191489219665527, 0.9281324148178101, 0.9342789649963379, 0.921513020992279, 0.9196217656135559, 0.9286051988601685, 0.9408983588218689]",0.6625000834465027,0.9315414428710938,0.9427860975265503,0.9427860975265503,0.09343434125185013,0.9252954721450806,0.9328605200945627,0.21221542358398438
36,100,100,0,30,70,"[0.0, 0.0, 0.0, 0.0, 0.0, 0.0, 0.0, 0.0, 0.0, 0.0, 0.0, 0.0, 0.0, 0.0, 0.0, 0.0, 0.0, 0.0, 0.0, 0.0, 0.0, 0.0, 0.0, 0.0, 0.0, 0.0, 0.0, 0.0, 0.0, 0.0, 0.0, 0.0, 0.0, 0.0, 0.0, 0.0, 0.0, 0.0, 0.0, 0.0, 0.0, 0.0, 0.0, 0.0, 0.0, 0.0, 0.0, 0.0, 0.0, 0.0, 0.0, 0.0, 0.0, 0.0, 0.0, 0.0, 0.0, 0.0, 0.0, 0.0, 0.0, 0.0, 0.0, 0.0, 0.0, 0.0, 0.0, 0.0, 0.0, 0.0, 0.0, 0.0, 0.0, 0.0, 0.0, 0.0, 0.0, 0.0, 0.0, 0.0, 0.0, 0.0, 0.0, 0.0, 0.0, 0.0, 0.0, 0.0, 0.0, 0.0, 0.0, 0.0, 0.0, 0.0, 0.0, 0.0, 0.0, 0.0, 0.0, 0.0]","[0.7217310667037964, 0.7223742008209229, 0.746671199798584, 0.6454899311065674, 0.6469473838806152, 0.6702380180358887, 0.6370639801025391, 0.636515736579895, 0.6594717502593994, 0.6249043941497803, 0.7317359447479248, 0.7481630444526672, 0.7568924427032471, 0.6637542247772217, 0.7533818483352661, 0.6343342065811157, 0.7421119213104248, 0.7220367193222046, 0.7320125102996826, 0.628614068031311, 0.6400854587554932, 0.7468740940093994, 0.7455514073371887, 0.634727954864502, 0.6367303133010864, 0.6423271894454956, 0.6445045471191406, 0.6535029411315918, 0.6430920362472534, 0.664481520652771, 0.643202006816864, 0.7242608070373535, 0.7349746227264404, 0.6338050365447998, 0.7179945707321167, 0.6232202053070068, 0.6503351926803589, 0.6645380854606628, 0.658743679523468, 0.7283095121383667, 0.65850430727005, 0.6337834596633911, 0.6615139245986938, 0.7499510049819946, 0.6417969465255737, 0.6467203497886658, 0.6312615871429443, 0.6378451585769653, 0.7404943704605103, 0.7407046556472778, 0.649097204208374, 0.6336861848831177, 0.650336742401123, 0.7340391874313354, 0.645110011100769, 0.6432739496231079, 0.7352674007415771, 0.7503677010536194, 0.7421694993972778, 0.7146986722946167, 0.6580047607421875, 0.6505966782569885, 0.6416460275650024, 0.7567883729934692, 0.6331973075866699, 0.6452784538269043, 0.6536861062049866, 0.6379422545433044, 0.6598843336105347, 0.635228157043457, 0.6300461292266846, 0.6514167189598083, 0.6325597763061523, 0.6397449970245361, 0.648801326751709, 0.7178777456283569, 0.646965742111206, 0.6581189036369324, 0.647184431552887, 0.7388939261436462, 0.6360939145088196, 0.6582086086273193, 0.6378806233406067, 0.657015860080719, 0.7467328310012817, 0.6348545551300049, 0.647695779800415, 0.7269665002822876, 0.6494357585906982, 0.659265398979187, 0.6392393708229065, 0.6571122407913208, 0.6407952308654785, 0.6621344089508057, 0.7479032278060913, 0.6446283459663391, 0.6616124510765076, 0.649825930595398, 0.6607587933540344, 0.6396418809890747]",0,set(),"[0.0833333358168602, 0.1666666716337204, 0.0, 0.9166666865348816, 1.0, 1.0, 0.9166666865348816, 1.0, 0.9166666865348816, 1.0, 0.0, 0.0833333358168602, 0.0833333358168602, 1.0, 0.0, 0.9166666865348816, 0.0833333358168602, 0.3333333432674408, 0.1666666716337204, 1.0, 1.0, 0.0833333358168602, 0.0833333358168602, 1.0, 1.0, 1.0, 1.0, 0.9166666865348816, 0.8333333134651184, 0.8333333134651184, 1.0, 0.3333333432674408, 0.1666666716337204, 0.9166666865348816, 0.25, 1.0, 0.9166666865348816, 0.8333333134651184, 1.0, 0.0833333358168602, 0.9166666865348816, 0.9166666865348816, 1.0, 0.0, 1.0, 1.0, 1.0, 0.9166666865348816, 0.0833333358168602, 0.0, 1.0, 1.0, 1.0, 0.0, 0.8333333134651184, 1.0, 0.1666666716337204, 0.0, 0.0, 0.0833333358168602, 0.9166666865348816, 0.8333333134651184, 0.9166666865348816, 0.0833333358168602, 1.0, 1.0, 0.9166666865348816, 0.9166666865348816, 0.9166666865348816, 0.9166666865348816, 1.0, 0.9166666865348816, 1.0, 0.9166666865348816, 0.8333333134651184, 0.1666666716337204, 1.0, 0.9166666865348816, 0.9166666865348816, 0.25, 1.0, 0.8333333134651184, 0.9166666865348816, 0.9166666865348816, 0.0, 0.9166666865348816, 1.0, 0.25, 0.8333333134651184, 0.9166666865348816, 1.0, 0.8333333134651184, 0.9166666865348816, 0.8333333134651184, 0.0, 0.9166666865348816, 0.9166666865348816, 1.0, 1.0, 0.8333333134651184]","[0.9153664112091064, 0.9101654887199402, 0.9248226881027222, 0.9323877096176147, 0.937588632106781, 0.9503546357154846, 0.9319148659706116, 0.9248226881027222, 0.9475177526473999, 0.9290780425071716, 0.922931432723999, 0.9314420819282532, 0.9319148659706116, 0.9465721249580383, 0.936170220375061, 0.9290780425071716, 0.9238770604133606, 0.914893627166748, 0.9196217656135559, 0.9200945496559143, 0.9271867871284485, 0.9276595711708069, 0.9286051988601685, 0.9356973767280579, 0.9352245926856995, 0.9338061213493347, 0.9338061213493347, 0.9390071034431458, 0.9385342597961426, 0.9465721249580383, 0.9394798874855042, 0.9087470173835754, 0.9347517490386963, 0.9380614757537842, 0.9059101939201355, 0.92955082654953, 0.9394798874855042, 0.9479905366897583, 0.9437352418899536, 0.9252955317497253, 0.9460992813110352, 0.9319148659706116, 0.9437352418899536, 0.9352245926856995, 0.9290780425071716, 0.9390071034431458, 0.9319148659706116, 0.9380614757537842, 0.9248226881027222, 0.9304964542388916, 0.9371158480644226, 0.93096923828125, 0.9338061213493347, 0.9300236701965332, 0.9423167705535889, 0.9342789649963379, 0.9200945496559143, 0.936170220375061, 0.9304964542388916, 0.9130023717880249, 0.9404255151748657, 0.9437352418899536, 0.9333333373069763, 0.9347517490386963, 0.9219858050346375, 0.9380614757537842, 0.9394798874855042, 0.9352245926856995, 0.9465721249580383, 0.9328604936599731, 0.9333333373069763, 0.9399527311325073, 0.9338061213493347, 0.9380614757537842, 0.9413711428642273, 0.9092198610305786, 0.9371158480644226, 0.9460992813110352, 0.9366430044174194, 0.9248226881027222, 0.9290780425071716, 0.9432623982429504, 0.9356973767280579, 0.9423167705535889, 0.9286051988601685, 0.9281324148178101, 0.9328604936599731, 0.9205673933029175, 0.9423167705535889, 0.9451536536216736, 0.92955082654953, 0.9408983588218689, 0.936170220375061, 0.9465721249580383, 0.9338061213493347, 0.9366430044174194, 0.9456264972686768, 0.9371158480644226, 0.9399527311325073, 0.936170220375061]",0.6899999976158142,0.9333569407463074,0.9416667222976685,0.9416667222976685,0.10277778655290604,0.9244760274887085,0.9347517730496454,0.11225390434265137
37,100,100,0,42,58,"[0.0, 0.0, 0.0, 0.0, 0.0, 0.0, 0.0, 0.0, 0.0, 0.0, 0.0, 0.0, 0.0, 0.0, 0.0, 0.0, 0.0, 0.0, 0.0, 0.0, 0.0, 0.0, 0.0, 0.0, 0.0, 0.0, 0.0, 0.0, 0.0, 0.0, 0.0, 0.0, 0.0, 0.0, 0.0, 0.0, 0.0, 0.0, 0.0, 0.0, 0.0, 0.0, 0.0, 0.0, 0.0, 0.0, 0.0, 0.0, 0.0, 0.0, 0.0, 0.0, 0.0, 0.0, 0.0, 0.0, 0.0, 0.0, 0.0, 0.0, 0.0, 0.0, 0.0, 0.0, 0.0, 0.0, 0.0, 0.0, 0.0, 0.0, 0.0, 0.0, 0.0, 0.0, 0.0, 0.0, 0.0, 0.0, 0.0, 0.0, 0.0, 0.0, 0.0, 0.0, 0.0, 0.0, 0.0, 0.0, 0.0, 0.0, 0.0, 0.0, 0.0, 0.0, 0.0, 0.0, 0.0, 0.0, 0.0, 0.0]","[0.640632152557373, 0.7448882460594177, 0.7601804137229919, 0.7629379034042358, 0.6436368227005005, 0.6361167430877686, 0.7343550324440002, 0.6525503993034363, 0.6474918127059937, 0.7425493001937866, 0.6329500675201416, 0.6623533368110657, 0.7511416673660278, 0.6459754705429077, 0.6212072372436523, 0.635718822479248, 0.744903564453125, 0.7600831985473633, 0.6291706562042236, 0.6339394450187683, 0.7355051040649414, 0.7554795742034912, 0.7418210506439209, 0.6390765905380249, 0.637883186340332, 0.7466164827346802, 0.6406741142272949, 0.752733588218689, 0.6587104797363281, 0.6419277787208557, 0.6667413711547852, 0.7486273050308228, 0.6524239182472229, 0.6457630395889282, 0.6378809213638306, 0.6282532215118408, 0.7135659456253052, 0.736785352230072, 0.7437747716903687, 0.6313751339912415, 0.7585396766662598, 0.6466274261474609, 0.6497575640678406, 0.6546981334686279, 0.6407620310783386, 0.6282116174697876, 0.6165573596954346, 0.7602781653404236, 0.7407436370849609, 0.7423495054244995, 0.6340126991271973, 0.7457021474838257, 0.7454742193222046, 0.6177099347114563, 0.7359880208969116, 0.7486739754676819, 0.6257607936859131, 0.7297341227531433, 0.6418164968490601, 0.6639186143875122, 0.651316225528717, 0.652079164981842, 0.652235209941864, 0.6368907690048218, 0.7405084371566772, 0.7591620683670044, 0.6345921754837036, 0.7436383366584778, 0.6413978934288025, 0.6314225196838379, 0.7594900131225586, 0.6270537972450256, 0.7231687307357788, 0.7239000797271729, 0.6235026717185974, 0.7503995895385742, 0.7586908936500549, 0.6546193361282349, 0.6603959798812866, 0.7329646348953247, 0.7357574701309204, 0.6535806655883789, 0.7231895923614502, 0.6309828162193298, 0.6126540303230286, 0.6350893974304199, 0.7607303857803345, 0.6322451829910278, 0.7436233758926392, 0.7218495607376099, 0.652780294418335, 0.6542078256607056, 0.6450451612472534, 0.779693603515625, 0.6493961811065674, 0.6383301019668579, 0.6449964642524719, 0.7627594470977783, 0.6369062662124634, 0.6262249946594238]",0,set(),"[1.0, 0.0833333358168602, 0.0, 0.0, 0.8333333134651184, 1.0, 0.1666666716337204, 1.0, 0.8333333134651184, 0.3333333432674408, 1.0, 1.0, 0.0, 1.0, 1.0, 0.9166666865348816, 0.0, 0.0, 1.0, 0.9166666865348816, 0.0833333358168602, 0.0, 0.0, 0.9166666865348816, 1.0, 0.0833333358168602, 0.9166666865348816, 0.0, 0.9166666865348816, 1.0, 1.0, 0.0, 1.0, 0.9166666865348816, 1.0, 1.0, 0.25, 0.1666666716337204, 0.1666666716337204, 0.9166666865348816, 0.0, 1.0, 0.9166666865348816, 0.9166666865348816, 1.0, 1.0, 1.0, 0.0, 0.0833333358168602, 0.1666666716337204, 1.0, 0.0, 0.0, 0.9166666865348816, 0.1666666716337204, 0.0, 1.0, 0.0833333358168602, 1.0, 0.9166666865348816, 1.0, 0.8333333134651184, 0.8333333134651184, 1.0, 0.0, 0.0833333358168602, 1.0, 0.0833333358168602, 0.9166666865348816, 1.0, 0.1666666716337204, 1.0, 0.1666666716337204, 0.3333333432674408, 1.0, 0.0, 0.0, 0.9166666865348816, 0.9166666865348816, 0.0833333358168602, 0.25, 0.9166666865348816, 0.3333333432674408, 1.0, 0.9166666865348816, 1.0, 0.0, 1.0, 0.0, 0.3333333432674408, 0.8333333134651184, 0.8333333134651184, 1.0, 0.0, 0.8333333134651184, 1.0, 1.0, 0.0833333358168602, 0.9166666865348816, 0.9166666865348816]","[0.9323877096176147, 0.937588632106781, 0.9394798874855042, 0.9323877096176147, 0.9446808695793152, 0.9399527311325073, 0.9338061213493347, 0.9423167705535889, 0.9432623982429504, 0.9338061213493347, 0.9371158480644226, 0.950827419757843, 0.9328604936599731, 0.9408983588218689, 0.9347517490386963, 0.9390071034431458, 0.9314420819282532, 0.9380614757537842, 0.9342789649963379, 0.93096923828125, 0.9205673933029175, 0.9385342597961426, 0.9267139434814453, 0.9371158480644226, 0.9352245926856995, 0.9404255151748657, 0.9333333373069763, 0.937588632106781, 0.9470449090003967, 0.9371158480644226, 0.9498817920684814, 0.9328604936599731, 0.9460992813110352, 0.9380614757537842, 0.936170220375061, 0.9314420819282532, 0.9125295281410217, 0.9219858050346375, 0.9328604936599731, 0.9338061213493347, 0.93096923828125, 0.9437352418899536, 0.9465721249580383, 0.9446808695793152, 0.9352245926856995, 0.9238770604133606, 0.9271867871284485, 0.9408983588218689, 0.9319148659706116, 0.9286051988601685, 0.9356973767280579, 0.9314420819282532, 0.9333333373069763, 0.9167848825454712, 0.9252955317497253, 0.9281324148178101, 0.9243499040603638, 0.9248226881027222, 0.9371158480644226, 0.9503546357154846, 0.9399527311325073, 0.9408983588218689, 0.9418439865112305, 0.9352245926856995, 0.93096923828125, 0.9338061213493347, 0.9380614757537842, 0.9333333373069763, 0.9413711428642273, 0.922931432723999, 0.9338061213493347, 0.9304964542388916, 0.9186761379241943, 0.916312038898468, 0.9319148659706116, 0.936170220375061, 0.937588632106781, 0.9423167705535889, 0.9470449090003967, 0.92955082654953, 0.9210401773452759, 0.9432623982429504, 0.9191489219665527, 0.9319148659706116, 0.9196217656135559, 0.9323877096176147, 0.9323877096176147, 0.9333333373069763, 0.9356973767280579, 0.9167848825454712, 0.9479905366897583, 0.9390071034431458, 0.9390071034431458, 0.9522458910942078, 0.9328604936599731, 0.9356973767280579, 0.9423167705535889, 0.9404255151748657, 0.9394798874855042, 0.9342789649963379]",0.590833306312561,0.9347139000892639,0.9540229439735413,0.9540229439735413,0.0892857164144516,0.9311155676841736,0.9361702127659575,0.21291184425354004
38,100,100,0,32,68,"[0.0, 0.0, 0.0, 0.0, 0.0, 0.0, 0.0, 0.0, 0.0, 0.0, 0.0, 0.0, 0.0, 0.0, 0.0, 0.0, 0.0, 0.0, 0.0, 0.0, 0.0, 0.0, 0.0, 0.0, 0.0, 0.0, 0.0, 0.0, 0.0, 0.0, 0.0, 0.0, 0.0, 0.0, 0.0, 0.0, 0.0, 0.0, 0.0, 0.0, 0.0, 0.0, 0.0, 0.0, 0.0, 0.0, 0.0, 0.0, 0.0, 0.0, 0.0, 0.0, 0.0, 0.0, 0.0, 0.0, 0.0, 0.0, 0.0, 0.0, 0.0, 0.0, 0.0, 0.0, 0.0, 0.0, 0.0, 0.0, 0.0, 0.0, 0.0, 0.0, 0.0, 0.0, 0.0, 0.0, 0.0, 0.0, 0.0, 0.0, 0.0, 0.0, 0.0, 0.0, 0.0, 0.0, 0.0, 0.0, 0.0, 0.0, 0.0, 0.0, 0.0, 0.0, 0.0, 0.0, 0.0, 0.0, 0.0, 0.0]","[0.6486742496490479, 0.651553213596344, 0.7389941215515137, 0.645893931388855, 0.6560539603233337, 0.6399742364883423, 0.7520211935043335, 0.6601414680480957, 0.6700592637062073, 0.6507260203361511, 0.6117515563964844, 0.6297397613525391, 0.6436372995376587, 0.6599152684211731, 0.7466495037078857, 0.7349023818969727, 0.6462054252624512, 0.6252658367156982, 0.758156955242157, 0.7413486242294312, 0.6430643796920776, 0.6464580297470093, 0.7295792102813721, 0.6582913398742676, 0.6548482775688171, 0.7488365173339844, 0.6590219736099243, 0.7430160045623779, 0.6538892388343811, 0.6570426821708679, 0.6342774629592896, 0.7560780048370361, 0.6559299230575562, 0.7525900602340698, 0.7419977784156799, 0.7346673011779785, 0.7335362434387207, 0.6411609649658203, 0.7616267800331116, 0.6456466913223267, 0.6522421836853027, 0.6414226293563843, 0.7511481046676636, 0.7515050768852234, 0.6369199752807617, 0.6515682935714722, 0.6468491554260254, 0.6214324235916138, 0.6536275148391724, 0.656385600566864, 0.7424941062927246, 0.6321628093719482, 0.6413009166717529, 0.7567893266677856, 0.6487016677856445, 0.649422287940979, 0.7241266369819641, 0.6413041353225708, 0.6347542405128479, 0.6502459049224854, 0.7594175338745117, 0.6434972286224365, 0.6537013649940491, 0.6501750349998474, 0.6561873555183411, 0.6467124223709106, 0.7389189004898071, 0.6357409954071045, 0.6438823938369751, 0.6586613059043884, 0.7308560609817505, 0.7473443746566772, 0.631372332572937, 0.7643937468528748, 0.6288747787475586, 0.656886875629425, 0.7371389865875244, 0.6481754183769226, 0.6370679140090942, 0.6287423968315125, 0.6431938409805298, 0.6440606117248535, 0.6449387073516846, 0.6407068967819214, 0.6604243516921997, 0.6485930681228638, 0.6272940635681152, 0.6494288444519043, 0.7314164638519287, 0.6274648904800415, 0.6454458236694336, 0.7337747812271118, 0.6495490074157715, 0.7723026275634766, 0.6409745216369629, 0.6743998527526855, 0.7511657476425171, 0.6590638756752014, 0.7373901009559631, 0.7441524863243103]",0,set(),"[1.0, 1.0, 0.1666666716337204, 1.0, 0.9166666865348816, 1.0, 0.0833333358168602, 0.9166666865348816, 0.9166666865348816, 1.0, 0.9166666865348816, 0.9166666865348816, 1.0, 0.9166666865348816, 0.25, 0.1666666716337204, 0.9166666865348816, 1.0, 0.0833333358168602, 0.0833333358168602, 0.75, 1.0, 0.0833333358168602, 0.9166666865348816, 1.0, 0.0833333358168602, 0.9166666865348816, 0.1666666716337204, 1.0, 0.9166666865348816, 1.0, 0.0, 1.0, 0.0, 0.0833333358168602, 0.1666666716337204, 0.0833333358168602, 1.0, 0.0, 1.0, 1.0, 0.9166666865348816, 0.0833333358168602, 0.0833333358168602, 1.0, 0.9166666865348816, 0.8333333134651184, 1.0, 1.0, 0.8333333134651184, 0.0, 1.0, 0.9166666865348816, 0.0, 0.9166666865348816, 0.9166666865348816, 0.1666666716337204, 0.9166666865348816, 1.0, 1.0, 0.0, 0.9166666865348816, 0.8333333134651184, 1.0, 0.9166666865348816, 0.9166666865348816, 0.0833333358168602, 1.0, 0.9166666865348816, 0.9166666865348816, 0.0833333358168602, 0.0833333358168602, 1.0, 0.0, 1.0, 1.0, 0.0, 0.9166666865348816, 0.9166666865348816, 1.0, 1.0, 0.9166666865348816, 0.8333333134651184, 0.9166666865348816, 1.0, 0.9166666865348816, 1.0, 0.9166666865348816, 0.1666666716337204, 1.0, 1.0, 0.25, 1.0, 0.0, 1.0, 0.8333333134651184, 0.0, 0.8333333134651184, 0.1666666716337204, 0.0]","[0.93096923828125, 0.9470449090003967, 0.9413711428642273, 0.9356973767280579, 0.9475177526473999, 0.9333333373069763, 0.9314420819282532, 0.950827419757843, 0.9555555582046509, 0.9404255151748657, 0.9210401773452759, 0.9319148659706116, 0.942789614200592, 0.9470449090003967, 0.9314420819282532, 0.9338061213493347, 0.9470449090003967, 0.9248226881027222, 0.9385342597961426, 0.9243499040603638, 0.9328604936599731, 0.9366430044174194, 0.9210401773452759, 0.9503546357154846, 0.9446808695793152, 0.9314420819282532, 0.9446808695793152, 0.92955082654953, 0.9437352418899536, 0.9408983588218689, 0.9342789649963379, 0.9290780425071716, 0.942789614200592, 0.9328604936599731, 0.9248226881027222, 0.9205673933029175, 0.9300236701965332, 0.9385342597961426, 0.9323877096176147, 0.9423167705535889, 0.9404255151748657, 0.937588632106781, 0.9413711428642273, 0.9347517490386963, 0.9385342597961426, 0.9408983588218689, 0.942789614200592, 0.9342789649963379, 0.9371158480644226, 0.9456264972686768, 0.9286051988601685, 0.937588632106781, 0.9371158480644226, 0.9432623982429504, 0.9333333373069763, 0.944208025932312, 0.9153664112091064, 0.9432623982429504, 0.9413711428642273, 0.9352245926856995, 0.9328604936599731, 0.9418439865112305, 0.9399527311325073, 0.9408983588218689, 0.9489361643791199, 0.9418439865112305, 0.9286051988601685, 0.9423167705535889, 0.9437352418899536, 0.9451536536216736, 0.9205673933029175, 0.9413711428642273, 0.9323877096176147, 0.9366430044174194, 0.9262411594390869, 0.9446808695793152, 0.93096923828125, 0.9475177526473999, 0.9276595711708069, 0.9319148659706116, 0.9394798874855042, 0.9390071034431458, 0.9437352418899536, 0.9413711428642273, 0.9498817920684814, 0.9451536536216736, 0.9205673933029175, 0.944208025932312, 0.9252955317497253, 0.9323877096176147, 0.9380614757537842, 0.9196217656135559, 0.9371158480644226, 0.937588632106781, 0.9352245926856995, 0.9546099305152893, 0.937588632106781, 0.949409008026123, 0.9248226881027222, 0.9304964542388916]",0.6716667413711548,0.9370496869087219,0.9485294222831726,0.9485294222831726,0.0833333358168602,0.930703341960907,0.9371158392434988,0.20996880531311035
39,100,100,0,33,67,"[0.0, 0.0, 0.0, 0.0, 0.0, 0.0, 0.0, 0.0, 0.0, 0.0, 0.0, 0.0, 0.0, 0.0, 0.0, 0.0, 0.0, 0.0, 0.0, 0.0, 0.0, 0.0, 0.0, 0.0, 0.0, 0.0, 0.0, 0.0, 0.0, 0.0, 0.0, 0.0, 0.0, 0.0, 0.0, 0.0, 0.0, 0.0, 0.0, 0.0, 0.0, 0.0, 0.0, 0.0, 0.0, 0.0, 0.0, 0.0, 0.0, 0.0, 0.0, 0.0, 0.0, 0.0, 0.0, 0.0, 0.0, 0.0, 0.0, 0.0, 0.0, 0.0, 0.0, 0.0, 0.0, 0.0, 0.0, 0.0, 0.0, 0.0, 0.0, 0.0, 0.0, 0.0, 0.0, 0.0, 0.0, 0.0, 0.0, 0.0, 0.0, 0.0, 0.0, 0.0, 0.0, 0.0, 0.0, 0.0, 0.0, 0.0, 0.0, 0.0, 0.0, 0.0, 0.0, 0.0, 0.0, 0.0, 0.0, 0.0]","[0.6390895247459412, 0.6336287260055542, 0.7633492946624756, 0.6560685634613037, 0.7522644996643066, 0.6507678031921387, 0.643386960029602, 0.6649099588394165, 0.7465489506721497, 0.7421004176139832, 0.6473575234413147, 0.7617286443710327, 0.6410604119300842, 0.6472019553184509, 0.7427960634231567, 0.6547812223434448, 0.7542428374290466, 0.6390347480773926, 0.7506311535835266, 0.6440403461456299, 0.7513898015022278, 0.6357699036598206, 0.6197501420974731, 0.6551738977432251, 0.6560304164886475, 0.6312288641929626, 0.7463456988334656, 0.6282274127006531, 0.6510961651802063, 0.6328718066215515, 0.658848762512207, 0.6497862339019775, 0.6434803009033203, 0.647354781627655, 0.6339476108551025, 0.6546365022659302, 0.6580498218536377, 0.7589154243469238, 0.7515625953674316, 0.7392016053199768, 0.648722767829895, 0.6542733311653137, 0.6472842693328857, 0.7390885353088379, 0.6371079683303833, 0.636760950088501, 0.7309368252754211, 0.6341021060943604, 0.736373245716095, 0.6601881980895996, 0.662990927696228, 0.6353307962417603, 0.7322592735290527, 0.6357762813568115, 0.6469908356666565, 0.6344205141067505, 0.7360579371452332, 0.6480109095573425, 0.6319884061813354, 0.6349669694900513, 0.7457249164581299, 0.7389532923698425, 0.6555764675140381, 0.6411920785903931, 0.6423083543777466, 0.6469278931617737, 0.7398635149002075, 0.6420065760612488, 0.6290669441223145, 0.6348894238471985, 0.6208131313323975, 0.7580255270004272, 0.632247805595398, 0.640227735042572, 0.7171026468276978, 0.7432892322540283, 0.7462135553359985, 0.7314215302467346, 0.7446433305740356, 0.6382668614387512, 0.6398983001708984, 0.7321741580963135, 0.6560006141662598, 0.6581045389175415, 0.6554901003837585, 0.6353318095207214, 0.6571551561355591, 0.6395867466926575, 0.6531975865364075, 0.6588394045829773, 0.7600801587104797, 0.6329020261764526, 0.7308320999145508, 0.6526439785957336, 0.7321546077728271, 0.6554983854293823, 0.7247912883758545, 0.6457975506782532, 0.6418688297271729, 0.7392702102661133]",0,set(),"[1.0, 0.9166666865348816, 0.0, 0.8333333134651184, 0.0833333358168602, 1.0, 0.9166666865348816, 0.8333333134651184, 0.0, 0.0833333358168602, 0.8333333134651184, 0.0833333358168602, 1.0, 1.0, 0.0833333358168602, 1.0, 0.0833333358168602, 0.9166666865348816, 0.1666666716337204, 0.9166666865348816, 0.0, 1.0, 1.0, 1.0, 1.0, 0.9166666865348816, 0.0833333358168602, 0.9166666865348816, 0.9166666865348816, 0.9166666865348816, 0.9166666865348816, 0.9166666865348816, 1.0, 0.75, 1.0, 0.9166666865348816, 1.0, 0.0, 0.0, 0.0833333358168602, 1.0, 1.0, 1.0, 0.0, 1.0, 1.0, 0.0833333358168602, 1.0, 0.0, 0.9166666865348816, 0.75, 1.0, 0.0, 1.0, 1.0, 1.0, 0.1666666716337204, 1.0, 1.0, 1.0, 0.0, 0.1666666716337204, 1.0, 0.9166666865348816, 1.0, 0.9166666865348816, 0.0833333358168602, 1.0, 0.9166666865348816, 0.9166666865348816, 1.0, 0.0833333358168602, 1.0, 1.0, 0.0833333358168602, 0.0833333358168602, 0.0, 0.0833333358168602, 0.0, 1.0, 1.0, 0.0, 0.9166666865348816, 0.9166666865348816, 1.0, 1.0, 1.0, 1.0, 0.9166666865348816, 0.9166666865348816, 0.0, 1.0, 0.1666666716337204, 0.8333333134651184, 0.0833333358168602, 0.9166666865348816, 0.1666666716337204, 0.9166666865348816, 0.9166666865348816, 0.0833333358168602]","[0.9423167705535889, 0.9423167705535889, 0.9460992813110352, 0.9503546357154846, 0.9342789649963379, 0.9475177526473999, 0.9456264972686768, 0.9531915187835693, 0.9390071034431458, 0.9371158480644226, 0.9475177526473999, 0.9390071034431458, 0.9380614757537842, 0.942789614200592, 0.9347517490386963, 0.9451536536216736, 0.9423167705535889, 0.9451536536216736, 0.9338061213493347, 0.942789614200592, 0.9338061213493347, 0.9300236701965332, 0.9366430044174194, 0.9479905366897583, 0.9489361643791199, 0.9356973767280579, 0.9347517490386963, 0.9323877096176147, 0.9437352418899536, 0.9276595711708069, 0.9475177526473999, 0.9465721249580383, 0.9404255151748657, 0.937588632106781, 0.9342789649963379, 0.9456264972686768, 0.9456264972686768, 0.936170220375061, 0.9460992813110352, 0.92955082654953, 0.9479905366897583, 0.9432623982429504, 0.9479905366897583, 0.9356973767280579, 0.9338061213493347, 0.9432623982429504, 0.9243499040603638, 0.9371158480644226, 0.9262411594390869, 0.949409008026123, 0.9536643028259277, 0.9399527311325073, 0.9286051988601685, 0.9390071034431458, 0.9437352418899536, 0.9418439865112305, 0.922931432723999, 0.9418439865112305, 0.9304964542388916, 0.9342789649963379, 0.9385342597961426, 0.9342789649963379, 0.9527186751365662, 0.942789614200592, 0.9465721249580383, 0.9451536536216736, 0.92955082654953, 0.9290780425071716, 0.937588632106781, 0.942789614200592, 0.936170220375061, 0.937588632106781, 0.9352245926856995, 0.9399527311325073, 0.921513020992279, 0.9366430044174194, 0.9385342597961426, 0.9286051988601685, 0.9243499040603638, 0.9385342597961426, 0.9380614757537842, 0.9347517490386963, 0.9432623982429504, 0.9475177526473999, 0.9484633803367615, 0.937588632106781, 0.944208025932312, 0.9489361643791199, 0.9475177526473999, 0.9479905366897583, 0.9390071034431458, 0.9356973767280579, 0.9319148659706116, 0.9413711428642273, 0.9243499040603638, 0.9475177526473999, 0.9219858050346375, 0.9418439865112305, 0.944208025932312, 0.9347517490386963]",0.6600000262260437,0.939328670501709,0.9539801478385925,0.9539801478385925,0.06313131749629974,0.9333620071411133,0.9390070921985816,0.11229109764099121
40,100,100,0,34,66,"[0.0, 0.0, 0.0, 0.0, 0.0, 0.0, 0.0, 0.0, 0.0, 0.0, 0.0, 0.0, 0.0, 0.0, 0.0, 0.0, 0.0, 0.0, 0.0, 0.0, 0.0, 0.0, 0.0, 0.0, 0.0, 0.0, 0.0, 0.0, 0.0, 0.0, 0.0, 0.0, 0.0, 0.0, 0.0, 0.0, 0.0, 0.0, 0.0, 0.0, 0.0, 0.0, 0.0, 0.0, 0.0, 0.0, 0.0, 0.0, 0.0, 0.0, 0.0, 0.0, 0.0, 0.0, 0.0, 0.0, 0.0, 0.0, 0.0, 0.0, 0.0, 0.0, 0.0, 0.0, 0.0, 0.0, 0.0, 0.0, 0.0, 0.0, 0.0, 0.0, 0.0, 0.0, 0.0, 0.0, 0.0, 0.0, 0.0, 0.0, 0.0, 0.0, 0.0, 0.0, 0.0, 0.0, 0.0, 0.0, 0.0, 0.0, 0.0, 0.0, 0.0, 0.0, 0.0, 0.0, 0.0, 0.0, 0.0, 0.0]","[0.7427459359169006, 0.6401462554931641, 0.738785982131958, 0.6125880479812622, 0.6462039947509766, 0.6535611152648926, 0.7334884405136108, 0.6313402652740479, 0.7405492663383484, 0.6546422839164734, 0.6386643052101135, 0.6363149881362915, 0.6382180452346802, 0.6295192241668701, 0.6460624933242798, 0.6519061326980591, 0.754551351070404, 0.7472735643386841, 0.6372134685516357, 0.6533088684082031, 0.733827531337738, 0.64180988073349, 0.6431382894515991, 0.6592063903808594, 0.6502965688705444, 0.6516698598861694, 0.7732901573181152, 0.7257540822029114, 0.7116045951843262, 0.7215219736099243, 0.6290114521980286, 0.7405490875244141, 0.630560576915741, 0.6384214162826538, 0.7328749895095825, 0.6319615840911865, 0.6139093637466431, 0.6371910572052002, 0.7539232969284058, 0.7397511005401611, 0.6287686824798584, 0.7301849126815796, 0.6546555757522583, 0.6376224756240845, 0.6349331736564636, 0.6368883848190308, 0.7590385675430298, 0.6456345915794373, 0.7403757572174072, 0.6420574188232422, 0.6442086696624756, 0.6256678104400635, 0.6302623748779297, 0.7636179327964783, 0.6478670835494995, 0.6352745294570923, 0.6357944011688232, 0.6374772787094116, 0.7321755886077881, 0.6539215445518494, 0.7605540752410889, 0.6319037675857544, 0.6331368684768677, 0.6307274103164673, 0.6478297710418701, 0.6451980471611023, 0.6438899636268616, 0.6693368554115295, 0.7629914283752441, 0.6327110528945923, 0.725879430770874, 0.6152694225311279, 0.6245118975639343, 0.6487195491790771, 0.6655920743942261, 0.6428472399711609, 0.6499460935592651, 0.6301246881484985, 0.6130970120429993, 0.6644318699836731, 0.6326359510421753, 0.7157031297683716, 0.6342301368713379, 0.7235168218612671, 0.6469258666038513, 0.6401482224464417, 0.736557126045227, 0.7465670108795166, 0.7485398054122925, 0.7402654886245728, 0.735945463180542, 0.6269780397415161, 0.7479523420333862, 0.7528447508811951, 0.7363712191581726, 0.726797342300415, 0.6414797902107239, 0.6647827625274658, 0.6542962193489075, 0.6460597515106201]",0,set(),"[0.1666666716337204, 1.0, 0.0, 0.8333333134651184, 1.0, 0.75, 0.0, 1.0, 0.0833333358168602, 1.0, 0.9166666865348816, 0.9166666865348816, 1.0, 1.0, 1.0, 1.0, 0.0833333358168602, 0.0, 0.8333333134651184, 1.0, 0.0, 0.9166666865348816, 0.8333333134651184, 0.9166666865348816, 1.0, 0.9166666865348816, 0.0, 0.25, 0.3333333432674408, 0.25, 1.0, 0.0833333358168602, 1.0, 0.9166666865348816, 0.25, 1.0, 1.0, 1.0, 0.0833333358168602, 0.1666666716337204, 1.0, 0.0833333358168602, 0.9166666865348816, 1.0, 1.0, 1.0, 0.0, 0.9166666865348816, 0.0, 1.0, 0.9166666865348816, 1.0, 0.9166666865348816, 0.0, 1.0, 1.0, 1.0, 0.9166666865348816, 0.1666666716337204, 1.0, 0.0, 1.0, 0.9166666865348816, 1.0, 1.0, 0.9166666865348816, 1.0, 0.9166666865348816, 0.0, 1.0, 0.1666666716337204, 1.0, 1.0, 0.9166666865348816, 1.0, 0.9166666865348816, 0.9166666865348816, 1.0, 1.0, 1.0, 1.0, 0.25, 1.0, 0.1666666716337204, 0.9166666865348816, 1.0, 0.1666666716337204, 0.0833333358168602, 0.0, 0.1666666716337204, 0.0833333358168602, 1.0, 0.0, 0.0, 0.25, 0.0, 0.9166666865348816, 1.0, 0.9166666865348816, 1.0]","[0.9304964542388916, 0.9356973767280579, 0.9290780425071716, 0.9371158480644226, 0.9479905366897583, 0.9527186751365662, 0.9314420819282532, 0.9394798874855042, 0.92955082654953, 0.9527186751365662, 0.9408983588218689, 0.9437352418899536, 0.9513002634048462, 0.942789614200592, 0.9475177526473999, 0.9484633803367615, 0.9432623982429504, 0.9333333373069763, 0.9479905366897583, 0.9489361643791199, 0.9323877096176147, 0.9465721249580383, 0.9432623982429504, 0.9503546357154846, 0.9498817920684814, 0.9484633803367615, 0.950827419757843, 0.9267139434814453, 0.9234042763710022, 0.9196217656135559, 0.9423167705535889, 0.9314420819282532, 0.9347517490386963, 0.942789614200592, 0.9286051988601685, 0.9366430044174194, 0.93096923828125, 0.9489361643791199, 0.9352245926856995, 0.9418439865112305, 0.9333333373069763, 0.937588632106781, 0.949409008026123, 0.9451536536216736, 0.9385342597961426, 0.9399527311325073, 0.936170220375061, 0.9513002634048462, 0.9352245926856995, 0.9380614757537842, 0.9347517490386963, 0.9338061213493347, 0.9352245926856995, 0.944208025932312, 0.9465721249580383, 0.9394798874855042, 0.937588632106781, 0.9366430044174194, 0.9252955317497253, 0.9522458910942078, 0.9451536536216736, 0.9319148659706116, 0.9404255151748657, 0.9380614757537842, 0.9484633803367615, 0.942789614200592, 0.9437352418899536, 0.9555555582046509, 0.9437352418899536, 0.942789614200592, 0.9267139434814453, 0.9347517490386963, 0.9352245926856995, 0.9475177526473999, 0.9550827145576477, 0.9456264972686768, 0.9470449090003967, 0.9314420819282532, 0.9323877096176147, 0.9550827145576477, 0.9352245926856995, 0.9210401773452759, 0.9437352418899536, 0.9224586486816406, 0.9489361643791199, 0.9404255151748657, 0.9286051988601685, 0.9390071034431458, 0.936170220375061, 0.9356973767280579, 0.9338061213493347, 0.9404255151748657, 0.936170220375061, 0.9352245926856995, 0.9257683157920837, 0.9276595711708069, 0.9437352418899536, 0.9484633803367615, 0.9531915187835693, 0.9498817920684814]",0.6691667437553406,0.9397919178009033,0.9633838534355164,0.9633838534355164,0.09803920984268188,0.9330273866653442,0.9390070921985816,0.22997474670410156
41,100,100,0,36,64,"[0.0, 0.0, 0.0, 0.0, 0.0, 0.0, 0.0, 0.0, 0.0, 0.0, 0.0, 0.0, 0.0, 0.0, 0.0, 0.0, 0.0, 0.0, 0.0, 0.0, 0.0, 0.0, 0.0, 0.0, 0.0, 0.0, 0.0, 0.0, 0.0, 0.0, 0.0, 0.0, 0.0, 0.0, 0.0, 0.0, 0.0, 0.0, 0.0, 0.0, 0.0, 0.0, 0.0, 0.0, 0.0, 0.0, 0.0, 0.0, 0.0, 0.0, 0.0, 0.0, 0.0, 0.0, 0.0, 0.0, 0.0, 0.0, 0.0, 0.0, 0.0, 0.0, 0.0, 0.0, 0.0, 0.0, 0.0, 0.0, 0.0, 0.0, 0.0, 0.0, 0.0, 0.0, 0.0, 0.0, 0.0, 0.0, 0.0, 0.0, 0.0, 0.0, 0.0, 0.0, 0.0, 0.0, 0.0, 0.0, 0.0, 0.0, 0.0, 0.0, 0.0, 0.0, 0.0, 0.0, 0.0, 0.0, 0.0, 0.0]","[0.6119834780693054, 0.6648887395858765, 0.6377075910568237, 0.6541000604629517, 0.6225096583366394, 0.6342183351516724, 0.650876522064209, 0.7460683584213257, 0.6244082450866699, 0.6406385898590088, 0.7334562540054321, 0.7345863580703735, 0.642876923084259, 0.6422141790390015, 0.6462403535842896, 0.6324517726898193, 0.6315443515777588, 0.6386359333992004, 0.7268631458282471, 0.6509237885475159, 0.747766375541687, 0.7410914897918701, 0.7727421522140503, 0.7375545501708984, 0.6559396386146545, 0.6324485540390015, 0.6337845921516418, 0.6367759704589844, 0.7668893337249756, 0.6433959007263184, 0.6565320491790771, 0.6524389386177063, 0.6373940110206604, 0.6361176371574402, 0.7231024503707886, 0.7458785772323608, 0.7422975301742554, 0.7426557540893555, 0.6533913612365723, 0.6616693735122681, 0.6414691805839539, 0.6347255706787109, 0.6502668857574463, 0.641703724861145, 0.7418696880340576, 0.6491807699203491, 0.7356864213943481, 0.6347837448120117, 0.7657293081283569, 0.7419652342796326, 0.7491675615310669, 0.6660022735595703, 0.645713746547699, 0.6207287907600403, 0.6388163566589355, 0.6411533355712891, 0.6565797328948975, 0.644533634185791, 0.7699363231658936, 0.7349734902381897, 0.6451343297958374, 0.6507530212402344, 0.6467821598052979, 0.643293023109436, 0.6397559642791748, 0.6641201972961426, 0.647707998752594, 0.7516871690750122, 0.7485092878341675, 0.6441442966461182, 0.644926130771637, 0.6336587071418762, 0.6609338521957397, 0.6307696104049683, 0.6436152458190918, 0.7121763825416565, 0.7387087345123291, 0.6594858169555664, 0.764176607131958, 0.7495748400688171, 0.747478723526001, 0.7237066030502319, 0.6543629169464111, 0.6593277454376221, 0.6330592036247253, 0.6583237648010254, 0.6236777305603027, 0.6363002061843872, 0.7617756724357605, 0.7492316961288452, 0.7659779787063599, 0.6475491523742676, 0.75586998462677, 0.6503102779388428, 0.7336852550506592, 0.7634971141815186, 0.6362269520759583, 0.624555230140686, 0.7516448497772217, 0.7485935688018799]",0,set(),"[1.0, 0.9166666865348816, 0.9166666865348816, 0.9166666865348816, 1.0, 0.9166666865348816, 0.9166666865348816, 0.0833333358168602, 1.0, 0.9166666865348816, 0.1666666716337204, 0.1666666716337204, 1.0, 0.75, 0.8333333134651184, 1.0, 1.0, 0.9166666865348816, 0.0833333358168602, 1.0, 0.0, 0.0, 0.0, 0.25, 0.9166666865348816, 1.0, 1.0, 0.9166666865348816, 0.0833333358168602, 1.0, 1.0, 1.0, 0.9166666865348816, 0.8333333134651184, 0.0, 0.0, 0.25, 0.0833333358168602, 1.0, 0.9166666865348816, 1.0, 1.0, 1.0, 0.9166666865348816, 0.0833333358168602, 1.0, 0.0, 1.0, 0.0833333358168602, 0.0833333358168602, 0.0833333358168602, 0.9166666865348816, 0.9166666865348816, 0.9166666865348816, 0.9166666865348816, 1.0, 0.9166666865348816, 1.0, 0.0, 0.0, 0.9166666865348816, 0.9166666865348816, 1.0, 0.8333333134651184, 1.0, 1.0, 0.9166666865348816, 0.0, 0.0, 1.0, 0.9166666865348816, 1.0, 0.8333333134651184, 1.0, 0.8333333134651184, 0.3333333432674408, 0.1666666716337204, 1.0, 0.0, 0.0, 0.0833333358168602, 0.25, 1.0, 1.0, 1.0, 0.9166666865348816, 1.0, 1.0, 0.0, 0.0, 0.0833333358168602, 0.9166666865348816, 0.0833333358168602, 1.0, 0.0833333358168602, 0.0, 1.0, 1.0, 0.0833333358168602, 0.0]","[0.93096923828125, 0.9583924412727356, 0.9408983588218689, 0.9498817920684814, 0.9408983588218689, 0.9399527311325073, 0.9498817920684814, 0.9338061213493347, 0.9371158480644226, 0.9498817920684814, 0.9319148659706116, 0.9371158480644226, 0.9479905366897583, 0.9456264972686768, 0.9484633803367615, 0.9418439865112305, 0.9470449090003967, 0.9456264972686768, 0.9262411594390869, 0.9479905366897583, 0.9390071034431458, 0.9356973767280579, 0.944208025932312, 0.9262411594390869, 0.9527186751365662, 0.9432623982429504, 0.9408983588218689, 0.9446808695793152, 0.9385342597961426, 0.9475177526473999, 0.9522458910942078, 0.9522458910942078, 0.9413711428642273, 0.9394798874855042, 0.9191489219665527, 0.9371158480644226, 0.9286051988601685, 0.9328604936599731, 0.9513002634048462, 0.9522458910942078, 0.944208025932312, 0.9432623982429504, 0.9418439865112305, 0.9470449090003967, 0.9323877096176147, 0.9489361643791199, 0.9338061213493347, 0.9437352418899536, 0.9394798874855042, 0.9404255151748657, 0.937588632106781, 0.9555555582046509, 0.9479905366897583, 0.9408983588218689, 0.942789614200592, 0.949409008026123, 0.950827419757843, 0.942789614200592, 0.937588632106781, 0.9323877096176147, 0.949409008026123, 0.9484633803367615, 0.9470449090003967, 0.9470449090003967, 0.9390071034431458, 0.9541370868682861, 0.9517730474472046, 0.9356973767280579, 0.9366430044174194, 0.9413711428642273, 0.9460992813110352, 0.9356973767280579, 0.9503546357154846, 0.9394798874855042, 0.9479905366897583, 0.9234042763710022, 0.9271867871284485, 0.9498817920684814, 0.942789614200592, 0.936170220375061, 0.9399527311325073, 0.9248226881027222, 0.9536643028259277, 0.9517730474472046, 0.9451536536216736, 0.950827419757843, 0.9404255151748657, 0.9456264972686768, 0.9432623982429504, 0.9394798874855042, 0.9380614757537842, 0.9489361643791199, 0.9380614757537842, 0.9413711428642273, 0.9333333373069763, 0.9371158480644226, 0.944208025932312, 0.9371158480644226, 0.9366430044174194, 0.9333333373069763]",0.6366666555404663,0.9419668316841125,0.9531250596046448,0.9531250596046448,0.07407407462596893,0.9347254633903503,0.941371158392435,0.21129703521728516
42,100,100,0,32,68,"[0.0, 0.0, 0.0, 0.0, 0.0, 0.0, 0.0, 0.0, 0.0, 0.0, 0.0, 0.0, 0.0, 0.0, 0.0, 0.0, 0.0, 0.0, 0.0, 0.0, 0.0, 0.0, 0.0, 0.0, 0.0, 0.0, 0.0, 0.0, 0.0, 0.0, 0.0, 0.0, 0.0, 0.0, 0.0, 0.0, 0.0, 0.0, 0.0, 0.0, 0.0, 0.0, 0.0, 0.0, 0.0, 0.0, 0.0, 0.0, 0.0, 0.0, 0.0, 0.0, 0.0, 0.0, 0.0, 0.0, 0.0, 0.0, 0.0, 0.0, 0.0, 0.0, 0.0, 0.0, 0.0, 0.0, 0.0, 0.0, 0.0, 0.0, 0.0, 0.0, 0.0, 0.0, 0.0, 0.0, 0.0, 0.0, 0.0, 0.0, 0.0, 0.0, 0.0, 0.0, 0.0, 0.0, 0.0, 0.0, 0.0, 0.0, 0.0, 0.0, 0.0, 0.0, 0.0, 0.0, 0.0, 0.0, 0.0, 0.0]","[0.650303840637207, 0.6326963901519775, 0.7650399208068848, 0.764062762260437, 0.633285403251648, 0.7484520673751831, 0.7214974761009216, 0.6551296710968018, 0.6398499011993408, 0.6584005355834961, 0.6379271149635315, 0.6422489881515503, 0.661218523979187, 0.638985812664032, 0.7684259414672852, 0.7672476768493652, 0.7559710144996643, 0.6550105810165405, 0.6249945163726807, 0.6410848498344421, 0.6499251127243042, 0.7509112358093262, 0.6331440210342407, 0.6431294679641724, 0.7638999223709106, 0.6312314867973328, 0.6327202320098877, 0.6564838886260986, 0.7668678760528564, 0.6643141508102417, 0.6433284282684326, 0.6687493324279785, 0.7480785846710205, 0.640661358833313, 0.6532118916511536, 0.7468571662902832, 0.6497890949249268, 0.6383680105209351, 0.7477374076843262, 0.7334122657775879, 0.6385173797607422, 0.6331928968429565, 0.7489656209945679, 0.6571106910705566, 0.6613477468490601, 0.6614798903465271, 0.7496583461761475, 0.6132137775421143, 0.7554266452789307, 0.6556218266487122, 0.6438952684402466, 0.6430981159210205, 0.6377863883972168, 0.7388099431991577, 0.6300742626190186, 0.6409403085708618, 0.7430251836776733, 0.6469612121582031, 0.6402255892753601, 0.626290500164032, 0.7464470267295837, 0.6222729086875916, 0.7420786619186401, 0.7769637107849121, 0.6328931450843811, 0.7394989728927612, 0.7556802034378052, 0.7547683715820312, 0.6239348649978638, 0.6351302862167358, 0.6203399300575256, 0.7352697253227234, 0.7590675354003906, 0.6311430335044861, 0.6549163460731506, 0.641831636428833, 0.653559684753418, 0.6225345730781555, 0.6507083773612976, 0.6466639041900635, 0.622929573059082, 0.6372841000556946, 0.7581285834312439, 0.6327366828918457, 0.6544642448425293, 0.653952956199646, 0.6399538516998291, 0.6301354169845581, 0.6408987641334534, 0.7357420921325684, 0.6593895554542542, 0.651973307132721, 0.6438642740249634, 0.6124802827835083, 0.7719430923461914, 0.649658203125, 0.6409310102462769, 0.7538596391677856, 0.7438093423843384, 0.6625902652740479]",0,set(),"[1.0, 1.0, 0.0, 0.0, 1.0, 0.3333333432674408, 0.3333333432674408, 1.0, 1.0, 0.8333333134651184, 1.0, 0.9166666865348816, 0.75, 0.9166666865348816, 0.0833333358168602, 0.0833333358168602, 0.0, 1.0, 0.9166666865348816, 1.0, 0.9166666865348816, 0.0833333358168602, 0.9166666865348816, 0.9166666865348816, 0.0, 1.0, 1.0, 0.9166666865348816, 0.0, 0.9166666865348816, 1.0, 0.8333333134651184, 0.0, 0.9166666865348816, 0.9166666865348816, 0.0, 0.9166666865348816, 1.0, 0.0, 0.25, 0.9166666865348816, 1.0, 0.0833333358168602, 0.9166666865348816, 1.0, 0.9166666865348816, 0.0, 1.0, 0.0, 1.0, 1.0, 1.0, 1.0, 0.1666666716337204, 1.0, 0.8333333134651184, 0.0833333358168602, 1.0, 1.0, 0.9166666865348816, 0.0, 0.9166666865348816, 0.1666666716337204, 0.0, 1.0, 0.1666666716337204, 0.0, 0.0833333358168602, 0.9166666865348816, 0.8333333134651184, 1.0, 0.0, 0.0833333358168602, 1.0, 0.9166666865348816, 1.0, 0.9166666865348816, 1.0, 0.9166666865348816, 0.9166666865348816, 0.9166666865348816, 1.0, 0.0, 1.0, 0.9166666865348816, 0.9166666865348816, 0.8333333134651184, 1.0, 1.0, 0.0833333358168602, 0.9166666865348816, 1.0, 1.0, 1.0, 0.0, 0.75, 1.0, 0.0833333358168602, 0.0833333358168602, 0.9166666865348816]","[0.9498817920684814, 0.9437352418899536, 0.9404255151748657, 0.942789614200592, 0.9390071034431458, 0.9385342597961426, 0.9267139434814453, 0.9546099305152893, 0.9456264972686768, 0.9550827145576477, 0.9423167705535889, 0.9475177526473999, 0.9579195976257324, 0.9470449090003967, 0.9413711428642273, 0.9413711428642273, 0.9366430044174194, 0.9555555582046509, 0.9408983588218689, 0.9503546357154846, 0.9513002634048462, 0.9437352418899536, 0.9371158480644226, 0.9465721249580383, 0.9465721249580383, 0.9437352418899536, 0.9465721249580383, 0.9560283422470093, 0.9456264972686768, 0.957446813583374, 0.9475177526473999, 0.9602836966514587, 0.9356973767280579, 0.9484633803367615, 0.950827419757843, 0.9385342597961426, 0.949409008026123, 0.9333333373069763, 0.9352245926856995, 0.9338061213493347, 0.9522458910942078, 0.9484633803367615, 0.9394798874855042, 0.9555555582046509, 0.957446813583374, 0.9569739699363708, 0.942789614200592, 0.9408983588218689, 0.9385342597961426, 0.9536643028259277, 0.9498817920684814, 0.9451536536216736, 0.9399527311325073, 0.9333333373069763, 0.9399527311325073, 0.944208025932312, 0.9352245926856995, 0.9536643028259277, 0.949409008026123, 0.9456264972686768, 0.9371158480644226, 0.9399527311325073, 0.9323877096176147, 0.9470449090003967, 0.9460992813110352, 0.9404255151748657, 0.9399527311325073, 0.9399527311325073, 0.944208025932312, 0.9479905366897583, 0.9380614757537842, 0.9352245926856995, 0.9460992813110352, 0.9404255151748657, 0.9531915187835693, 0.9423167705535889, 0.9503546357154846, 0.9342789649963379, 0.9522458910942078, 0.9541370868682861, 0.937588632106781, 0.9399527311325073, 0.9475177526473999, 0.9465721249580383, 0.9569739699363708, 0.9541370868682861, 0.9498817920684814, 0.9385342597961426, 0.9489361643791199, 0.93096923828125, 0.9527186751365662, 0.9517730474472046, 0.944208025932312, 0.9408983588218689, 0.944208025932312, 0.9498817920684814, 0.9479905366897583, 0.9423167705535889, 0.9338061213493347, 0.958865225315094]",0.6675000786781311,0.9450685381889343,0.9485294222831726,0.9485294222831726,0.0703125074505806,0.9391696453094482,0.9460992907801419,0.11115002632141113
43,100,100,0,33,67,"[0.0, 0.0, 0.0, 0.0, 0.0, 0.0, 0.0, 0.0, 0.0, 0.0, 0.0, 0.0, 0.0, 0.0, 0.0, 0.0, 0.0, 0.0, 0.0, 0.0, 0.0, 0.0, 0.0, 0.0, 0.0, 0.0, 0.0, 0.0, 0.0, 0.0, 0.0, 0.0, 0.0, 0.0, 0.0, 0.0, 0.0, 0.0, 0.0, 0.0, 0.0, 0.0, 0.0, 0.0, 0.0, 0.0, 0.0, 0.0, 0.0, 0.0, 0.0, 0.0, 0.0, 0.0, 0.0, 0.0, 0.0, 0.0, 0.0, 0.0, 0.0, 0.0, 0.0, 0.0, 0.0, 0.0, 0.0, 0.0, 0.0, 0.0, 0.0, 0.0, 0.0, 0.0, 0.0, 0.0, 0.0, 0.0, 0.0, 0.0, 0.0, 0.0, 0.0, 0.0, 0.0, 0.0, 0.0, 0.0, 0.0, 0.0, 0.0, 0.0, 0.0, 0.0, 0.0, 0.0, 0.0, 0.0, 0.0, 0.0]","[0.7536435127258301, 0.7595373392105103, 0.7525355219841003, 0.735634446144104, 0.6348546743392944, 0.7366541028022766, 0.6554379463195801, 0.6457418203353882, 0.6326181292533875, 0.6420795917510986, 0.6432029008865356, 0.6513994932174683, 0.764772891998291, 0.6473458409309387, 0.6385632753372192, 0.6459152698516846, 0.6271718740463257, 0.7523588538169861, 0.7359906435012817, 0.7482069730758667, 0.7369703054428101, 0.7181426286697388, 0.7562669515609741, 0.6629332900047302, 0.6321138143539429, 0.6400505900382996, 0.6320448517799377, 0.6582119464874268, 0.7808403968811035, 0.6442176699638367, 0.6525598764419556, 0.6513516902923584, 0.6189002394676208, 0.6253710389137268, 0.7330728769302368, 0.7479187250137329, 0.6559023261070251, 0.6394877433776855, 0.6496513485908508, 0.6291136741638184, 0.6118637323379517, 0.636412501335144, 0.6274405121803284, 0.7788113355636597, 0.7458943128585815, 0.7567246556282043, 0.7432512044906616, 0.6677809953689575, 0.7344076633453369, 0.6405675411224365, 0.6516184210777283, 0.6321947574615479, 0.6259242296218872, 0.6409196853637695, 0.6486819982528687, 0.7580079436302185, 0.6491919755935669, 0.7588260173797607, 0.617868185043335, 0.6418282985687256, 0.6263335943222046, 0.611846923828125, 0.7681700587272644, 0.649453341960907, 0.6310505867004395, 0.6550215482711792, 0.7341641187667847, 0.6152306199073792, 0.6490157842636108, 0.6488980650901794, 0.6263366937637329, 0.6244608759880066, 0.6541909575462341, 0.7382463216781616, 0.7453258037567139, 0.6348844170570374, 0.7363630533218384, 0.6548700332641602, 0.6361908912658691, 0.7548642158508301, 0.6363470554351807, 0.7444045543670654, 0.6515911817550659, 0.7936961650848389, 0.6250622868537903, 0.6297458410263062, 0.6106365919113159, 0.6199241876602173, 0.662954568862915, 0.6239835023880005, 0.6487417817115784, 0.6520740389823914, 0.6337299346923828, 0.6537554860115051, 0.6509414911270142, 0.7418955564498901, 0.6459696888923645, 0.7424682378768921, 0.6415060758590698, 0.7483736276626587]",0,set(),"[0.0, 0.0, 0.0833333358168602, 0.0, 1.0, 0.0833333358168602, 0.9166666865348816, 0.9166666865348816, 1.0, 0.9166666865348816, 0.9166666865348816, 0.9166666865348816, 0.0, 0.9166666865348816, 1.0, 0.9166666865348816, 1.0, 0.0, 0.0833333358168602, 0.0, 0.0, 0.25, 0.0, 1.0, 1.0, 0.9166666865348816, 0.9166666865348816, 1.0, 0.0, 0.8333333134651184, 1.0, 0.9166666865348816, 1.0, 0.9166666865348816, 0.0833333358168602, 0.0, 1.0, 0.9166666865348816, 0.8333333134651184, 0.9166666865348816, 1.0, 0.9166666865348816, 1.0, 0.0, 0.1666666716337204, 0.1666666716337204, 0.0, 0.8333333134651184, 0.25, 0.9166666865348816, 1.0, 1.0, 0.9166666865348816, 1.0, 0.9166666865348816, 0.0, 1.0, 0.0833333358168602, 1.0, 1.0, 1.0, 1.0, 0.0, 0.9166666865348816, 1.0, 1.0, 0.0833333358168602, 0.9166666865348816, 1.0, 0.9166666865348816, 0.9166666865348816, 0.9166666865348816, 0.9166666865348816, 0.1666666716337204, 0.0833333358168602, 0.9166666865348816, 0.1666666716337204, 0.9166666865348816, 1.0, 0.0, 1.0, 0.0833333358168602, 0.9166666865348816, 0.0, 0.9166666865348816, 1.0, 1.0, 1.0, 1.0, 1.0, 0.8333333134651184, 1.0, 1.0, 0.9166666865348816, 1.0, 0.0, 0.8333333134651184, 0.0, 0.9166666865348816, 0.0833333358168602]","[0.9451536536216736, 0.944208025932312, 0.9423167705535889, 0.9347517490386963, 0.949409008026123, 0.9432623982429504, 0.958865225315094, 0.9522458910942078, 0.9423167705535889, 0.9517730474472046, 0.9522458910942078, 0.9531915187835693, 0.9404255151748657, 0.9527186751365662, 0.9489361643791199, 0.9536643028259277, 0.9484633803367615, 0.944208025932312, 0.9352245926856995, 0.937588632106781, 0.9390071034431458, 0.9304964542388916, 0.944208025932312, 0.9635933637619019, 0.9423167705535889, 0.9569739699363708, 0.9460992813110352, 0.9579195976257324, 0.9503546357154846, 0.950827419757843, 0.957446813583374, 0.9560283422470093, 0.9418439865112305, 0.9446808695793152, 0.942789614200592, 0.9408983588218689, 0.9541370868682861, 0.9513002634048462, 0.9536643028259277, 0.9484633803367615, 0.9418439865112305, 0.950827419757843, 0.9390071034431458, 0.949409008026123, 0.9408983588218689, 0.9408983588218689, 0.944208025932312, 0.9650118350982666, 0.9333333373069763, 0.9513002634048462, 0.957446813583374, 0.949409008026123, 0.9446808695793152, 0.9418439865112305, 0.9536643028259277, 0.9484633803367615, 0.9531915187835693, 0.9413711428642273, 0.9347517490386963, 0.9546099305152893, 0.949409008026123, 0.944208025932312, 0.942789614200592, 0.957446813583374, 0.9432623982429504, 0.9513002634048462, 0.9356973767280579, 0.9418439865112305, 0.9536643028259277, 0.9546099305152893, 0.950827419757843, 0.9484633803367615, 0.9527186751365662, 0.9390071034431458, 0.9356973767280579, 0.9498817920684814, 0.9338061213493347, 0.957446813583374, 0.9503546357154846, 0.9503546357154846, 0.9475177526473999, 0.9352245926856995, 0.9541370868682861, 0.9669030904769897, 0.942789614200592, 0.9456264972686768, 0.9347517490386963, 0.9319148659706116, 0.9631205797195435, 0.942789614200592, 0.9503546357154846, 0.9560283422470093, 0.9498817920684814, 0.9550827145576477, 0.9531915187835693, 0.9385342597961426, 0.9531915187835693, 0.944208025932312, 0.9498817920684814, 0.9390071034431458]",0.6566666960716248,0.947371244430542,0.9514925479888916,0.9514925479888916,0.05808080732822418,0.9416576623916626,0.9479905437352246,0.21083521842956543
44,100,100,0,28,72,"[0.0, 0.0, 0.0, 0.0, 0.0, 0.0, 0.0, 0.0, 0.0, 0.0, 0.0, 0.0, 0.0, 0.0, 0.0, 0.0, 0.0, 0.0, 0.0, 0.0, 0.0, 0.0, 0.0, 0.0, 0.0, 0.0, 0.0, 0.0, 0.0, 0.0, 0.0, 0.0, 0.0, 0.0, 0.0, 0.0, 0.0, 0.0, 0.0, 0.0, 0.0, 0.0, 0.0, 0.0, 0.0, 0.0, 0.0, 0.0, 0.0, 0.0, 0.0, 0.0, 0.0, 0.0, 0.0, 0.0, 0.0, 0.0, 0.0, 0.0, 0.0, 0.0, 0.0, 0.0, 0.0, 0.0, 0.0, 0.0, 0.0, 0.0, 0.0, 0.0, 0.0, 0.0, 0.0, 0.0, 0.0, 0.0, 0.0, 0.0, 0.0, 0.0, 0.0, 0.0, 0.0, 0.0, 0.0, 0.0, 0.0, 0.0, 0.0, 0.0, 0.0, 0.0, 0.0, 0.0, 0.0, 0.0, 0.0, 0.0]","[0.7310337424278259, 0.6528080701828003, 0.6543511748313904, 0.726612389087677, 0.7567300796508789, 0.6309934258460999, 0.7307835817337036, 0.6250860095024109, 0.7454715371131897, 0.7785298228263855, 0.627200186252594, 0.7430849075317383, 0.6126976013183594, 0.6332265734672546, 0.6268062591552734, 0.7541055679321289, 0.6477099061012268, 0.7243603467941284, 0.6361199617385864, 0.6240845918655396, 0.6387207508087158, 0.6397095322608948, 0.640823483467102, 0.6444344520568848, 0.6223551630973816, 0.7374286651611328, 0.7560921907424927, 0.6349802017211914, 0.6286094188690186, 0.737647533416748, 0.6455883979797363, 0.6320312023162842, 0.7610630989074707, 0.6476534605026245, 0.6199920177459717, 0.6553705334663391, 0.7356593608856201, 0.6535263061523438, 0.6315165758132935, 0.6460520029067993, 0.6554374694824219, 0.6528546810150146, 0.6379651427268982, 0.6144301891326904, 0.6385307312011719, 0.6361950635910034, 0.7395834922790527, 0.7627497911453247, 0.6193057298660278, 0.6135532855987549, 0.6489142775535583, 0.6445623636245728, 0.7655291557312012, 0.7673444747924805, 0.6269925832748413, 0.6563442349433899, 0.6508276462554932, 0.6279114484786987, 0.6413559913635254, 0.6421030759811401, 0.6251980066299438, 0.6434050798416138, 0.6490932703018188, 0.7703370451927185, 0.633601188659668, 0.6251885890960693, 0.6238882541656494, 0.7894707918167114, 0.7698003053665161, 0.7664653062820435, 0.6456332206726074, 0.6296179294586182, 0.6322779059410095, 0.6393401622772217, 0.7342631220817566, 0.631925106048584, 0.6161019206047058, 0.6336387395858765, 0.6209129095077515, 0.6429412364959717, 0.6529379487037659, 0.65703946352005, 0.7495829463005066, 0.7500282526016235, 0.6424142122268677, 0.6235394477844238, 0.6248199939727783, 0.6511936783790588, 0.6370798349380493, 0.601567804813385, 0.6391199827194214, 0.649570107460022, 0.628648042678833, 0.6448080539703369, 0.7742055654525757, 0.6414979100227356, 0.7360939383506775, 0.7348254919052124, 0.6085693836212158, 0.654537558555603]",0,set(),"[0.0, 0.8333333134651184, 0.9166666865348816, 0.1666666716337204, 0.0, 0.9166666865348816, 0.1666666716337204, 1.0, 0.0, 0.0, 1.0, 0.0, 1.0, 1.0, 0.9166666865348816, 0.0, 0.8333333134651184, 0.1666666716337204, 1.0, 0.9166666865348816, 0.9166666865348816, 1.0, 0.9166666865348816, 0.9166666865348816, 1.0, 0.0833333358168602, 0.0833333358168602, 0.9166666865348816, 0.9166666865348816, 0.1666666716337204, 1.0, 0.9166666865348816, 0.0833333358168602, 1.0, 0.9166666865348816, 0.9166666865348816, 0.25, 0.9166666865348816, 1.0, 0.9166666865348816, 0.9166666865348816, 1.0, 0.8333333134651184, 0.9166666865348816, 0.8333333134651184, 1.0, 0.0833333358168602, 0.0, 1.0, 0.9166666865348816, 0.9166666865348816, 1.0, 0.0833333358168602, 0.0, 0.9166666865348816, 1.0, 0.75, 1.0, 0.8333333134651184, 0.9166666865348816, 1.0, 0.9166666865348816, 1.0, 0.0, 0.9166666865348816, 1.0, 0.9166666865348816, 0.0, 0.0, 0.0, 0.9166666865348816, 1.0, 0.8333333134651184, 1.0, 0.0, 1.0, 1.0, 0.9166666865348816, 0.9166666865348816, 0.8333333134651184, 0.8333333134651184, 1.0, 0.1666666716337204, 0.0, 0.9166666865348816, 1.0, 1.0, 1.0, 1.0, 0.9166666865348816, 1.0, 0.9166666865348816, 0.9166666865348816, 0.8333333134651184, 0.0, 1.0, 0.0, 0.0833333358168602, 1.0, 1.0]","[0.9385342597961426, 0.9536643028259277, 0.9621749520301819, 0.937588632106781, 0.9451536536216736, 0.9489361643791199, 0.9328604936599731, 0.944208025932312, 0.9432623982429504, 0.9517730474472046, 0.949409008026123, 0.9418439865112305, 0.9470449090003967, 0.9470449090003967, 0.9475177526473999, 0.9456264972686768, 0.9517730474472046, 0.9304964542388916, 0.9432623982429504, 0.9484633803367615, 0.958865225315094, 0.9546099305152893, 0.9565011858940125, 0.9456264972686768, 0.9460992813110352, 0.9356973767280579, 0.9437352418899536, 0.9546099305152893, 0.9451536536216736, 0.9356973767280579, 0.9531915187835693, 0.9536643028259277, 0.9475177526473999, 0.9527186751365662, 0.9423167705535889, 0.9645389914512634, 0.9366430044174194, 0.958865225315094, 0.9522458910942078, 0.9536643028259277, 0.9565011858940125, 0.9626477360725403, 0.9475177526473999, 0.9437352418899536, 0.949409008026123, 0.9475177526473999, 0.9347517490386963, 0.9513002634048462, 0.949409008026123, 0.9437352418899536, 0.9555555582046509, 0.9607564806938171, 0.9479905366897583, 0.9503546357154846, 0.949409008026123, 0.9612293243408203, 0.9617021083831787, 0.9475177526473999, 0.958865225315094, 0.9593380689620972, 0.942789614200592, 0.950827419757843, 0.9536643028259277, 0.950827419757843, 0.9498817920684814, 0.9475177526473999, 0.9456264972686768, 0.9598108530044556, 0.950827419757843, 0.9517730474472046, 0.9612293243408203, 0.9408983588218689, 0.9451536536216736, 0.9536643028259277, 0.9394798874855042, 0.9541370868682861, 0.9479905366897583, 0.949409008026123, 0.942789614200592, 0.9517730474472046, 0.9617021083831787, 0.9650118350982666, 0.944208025932312, 0.9451536536216736, 0.9413711428642273, 0.944208025932312, 0.9517730474472046, 0.950827419757843, 0.9489361643791199, 0.9356973767280579, 0.9498817920684814, 0.9560283422470093, 0.9479905366897583, 0.9555555582046509, 0.9484633803367615, 0.9560283422470093, 0.9356973767280579, 0.9380614757537842, 0.9437352418899536, 0.964066207408905]",0.6933333873748779,0.9491630792617798,0.9409722089767456,0.9409722089767456,0.0565476194024086,0.9433975219726562,0.948936170212766,0.21741962432861328
45,100,100,0,31,69,"[0.0, 0.0, 0.0, 0.0, 0.0, 0.0, 0.0, 0.0, 0.0, 0.0, 0.0, 0.0, 0.0, 0.0, 0.0, 0.0, 0.0, 0.0, 0.0, 0.0, 0.0, 0.0, 0.0, 0.0, 0.0, 0.0, 0.0, 0.0, 0.0, 0.0, 0.0, 0.0, 0.0, 0.0, 0.0, 0.0, 0.0, 0.0, 0.0, 0.0, 0.0, 0.0, 0.0, 0.0, 0.0, 0.0, 0.0, 0.0, 0.0, 0.0, 0.0, 0.0, 0.0, 0.0, 0.0, 0.0, 0.0, 0.0, 0.0, 0.0, 0.0, 0.0, 0.0, 0.0, 0.0, 0.0, 0.0, 0.0, 0.0, 0.0, 0.0, 0.0, 0.0, 0.0, 0.0, 0.0, 0.0, 0.0, 0.0, 0.0, 0.0, 0.0, 0.0, 0.0, 0.0, 0.0, 0.0, 0.0, 0.0, 0.0, 0.0, 0.0, 0.0, 0.0, 0.0, 0.0, 0.0, 0.0, 0.0, 0.0]","[0.6142452955245972, 0.6460503339767456, 0.6286636590957642, 0.6152310967445374, 0.7396681308746338, 0.6398391723632812, 0.645014762878418, 0.7394418716430664, 0.7399128079414368, 0.792472243309021, 0.6482059955596924, 0.6190496683120728, 0.6457372903823853, 0.652870774269104, 0.7562981843948364, 0.7814909219741821, 0.6304172277450562, 0.638089656829834, 0.7278469800949097, 0.7451754808425903, 0.6120885610580444, 0.6536223888397217, 0.6188585758209229, 0.6192489862442017, 0.7739058136940002, 0.740251898765564, 0.6164083480834961, 0.6381235718727112, 0.7412975430488586, 0.6200505495071411, 0.7385408878326416, 0.6084705591201782, 0.6391468048095703, 0.7836931943893433, 0.6248618364334106, 0.7360725402832031, 0.751591682434082, 0.6473532319068909, 0.6437605619430542, 0.6292027235031128, 0.6401836276054382, 0.6039098501205444, 0.7463749051094055, 0.6358398795127869, 0.6495347023010254, 0.7691522836685181, 0.7425849437713623, 0.7436743974685669, 0.7386289834976196, 0.7222639322280884, 0.6258447766304016, 0.6571663618087769, 0.6359483003616333, 0.6208575963973999, 0.6466890573501587, 0.7768814563751221, 0.6380970478057861, 0.6168785095214844, 0.6292720437049866, 0.6204448342323303, 0.655931830406189, 0.6225519776344299, 0.6502014398574829, 0.7582927942276001, 0.6623181104660034, 0.7739236354827881, 0.6309139728546143, 0.6299577951431274, 0.6261883974075317, 0.6497819423675537, 0.621951162815094, 0.6332126259803772, 0.6432644128799438, 0.6483632326126099, 0.7357410192489624, 0.6519696712493896, 0.744951069355011, 0.7634717226028442, 0.6370173692703247, 0.6366472840309143, 0.6397227048873901, 0.6318836212158203, 0.7514821290969849, 0.7594431638717651, 0.7557804584503174, 0.6332486867904663, 0.6271893978118896, 0.6499272584915161, 0.6390177011489868, 0.6341384649276733, 0.6342017650604248, 0.6400835514068604, 0.6340957880020142, 0.7622244358062744, 0.6499692797660828, 0.6414213180541992, 0.6377304196357727, 0.6608826518058777, 0.6510106325149536, 0.6622626185417175]",0,set(),"[0.9166666865348816, 0.9166666865348816, 1.0, 1.0, 0.1666666716337204, 1.0, 1.0, 0.0, 0.0833333358168602, 0.0, 0.9166666865348816, 1.0, 1.0, 0.9166666865348816, 0.0, 0.0, 1.0, 1.0, 0.1666666716337204, 0.0833333358168602, 0.9166666865348816, 0.9166666865348816, 1.0, 1.0, 0.0, 0.0833333358168602, 1.0, 0.9166666865348816, 0.0, 0.9166666865348816, 0.1666666716337204, 1.0, 1.0, 0.0, 0.9166666865348816, 0.0, 0.0, 1.0, 0.9166666865348816, 1.0, 0.9166666865348816, 0.9166666865348816, 0.0, 0.8333333134651184, 1.0, 0.0, 0.0, 0.1666666716337204, 0.0833333358168602, 0.0833333358168602, 0.9166666865348816, 0.8333333134651184, 1.0, 1.0, 0.9166666865348816, 0.0, 1.0, 0.9166666865348816, 0.9166666865348816, 1.0, 1.0, 0.9166666865348816, 1.0, 0.0833333358168602, 1.0, 0.0, 0.9166666865348816, 1.0, 1.0, 0.9166666865348816, 0.9166666865348816, 1.0, 1.0, 1.0, 0.0, 1.0, 0.0, 0.0, 1.0, 0.9166666865348816, 0.8333333134651184, 0.8333333134651184, 0.0833333358168602, 0.0, 0.0833333358168602, 0.9166666865348816, 1.0, 1.0, 1.0, 0.9166666865348816, 0.9166666865348816, 0.9166666865348816, 1.0, 0.0, 0.9166666865348816, 1.0, 1.0, 1.0, 1.0, 0.9166666865348816]","[0.9437352418899536, 0.9541370868682861, 0.9565011858940125, 0.9446808695793152, 0.9446808695793152, 0.9546099305152893, 0.9531915187835693, 0.9390071034431458, 0.9413711428642273, 0.9631205797195435, 0.9555555582046509, 0.9498817920684814, 0.9579195976257324, 0.9683215022087097, 0.9470449090003967, 0.9522458910942078, 0.9484633803367615, 0.9446808695793152, 0.9390071034431458, 0.9437352418899536, 0.9470449090003967, 0.9555555582046509, 0.9484633803367615, 0.9456264972686768, 0.9550827145576477, 0.9380614757537842, 0.9470449090003967, 0.9560283422470093, 0.9437352418899536, 0.9531915187835693, 0.9356973767280579, 0.9446808695793152, 0.9550827145576477, 0.9527186751365662, 0.9541370868682861, 0.9385342597961426, 0.9503546357154846, 0.9583924412727356, 0.9546099305152893, 0.9437352418899536, 0.9569739699363708, 0.9342789649963379, 0.949409008026123, 0.9522458910942078, 0.9598108530044556, 0.9432623982429504, 0.9432623982429504, 0.949409008026123, 0.9413711428642273, 0.9347517490386963, 0.9522458910942078, 0.9583924412727356, 0.9579195976257324, 0.949409008026123, 0.957446813583374, 0.9503546357154846, 0.9550827145576477, 0.9456264972686768, 0.9583924412727356, 0.950827419757843, 0.9650118350982666, 0.9484633803367615, 0.9565011858940125, 0.9451536536216736, 0.9621749520301819, 0.9536643028259277, 0.9465721249580383, 0.9503546357154846, 0.9489361643791199, 0.9645389914512634, 0.9484633803367615, 0.950827419757843, 0.9607564806938171, 0.9498817920684814, 0.942789614200592, 0.9621749520301819, 0.9432623982429504, 0.9517730474472046, 0.9560283422470093, 0.9541370868682861, 0.9607564806938171, 0.9531915187835693, 0.9470449090003967, 0.9489361643791199, 0.9484633803367615, 0.9531915187835693, 0.9479905366897583, 0.9607564806938171, 0.9612293243408203, 0.9503546357154846, 0.9484633803367615, 0.9612293243408203, 0.9579195976257324, 0.949409008026123, 0.9664302468299866, 0.9550827145576477, 0.9498817920684814, 0.9659574627876282, 0.9659574627876282, 0.9626477360725403]",0.6741666197776794,0.9515649676322937,0.9577295184135437,0.9577295184135437,0.04301075264811516,0.9460230469703674,0.9517730496453901,0.11316609382629395
46,100,100,0,34,66,"[0.0, 0.0, 0.0, 0.0, 0.0, 0.0, 0.0, 0.0, 0.0, 0.0, 0.0, 0.0, 0.0, 0.0, 0.0, 0.0, 0.0, 0.0, 0.0, 0.0, 0.0, 0.0, 0.0, 0.0, 0.0, 0.0, 0.0, 0.0, 0.0, 0.0, 0.0, 0.0, 0.0, 0.0, 0.0, 0.0, 0.0, 0.0, 0.0, 0.0, 0.0, 0.0, 0.0, 0.0, 0.0, 0.0, 0.0, 0.0, 0.0, 0.0, 0.0, 0.0, 0.0, 0.0, 0.0, 0.0, 0.0, 0.0, 0.0, 0.0, 0.0, 0.0, 0.0, 0.0, 0.0, 0.0, 0.0, 0.0, 0.0, 0.0, 0.0, 0.0, 0.0, 0.0, 0.0, 0.0, 0.0, 0.0, 0.0, 0.0, 0.0, 0.0, 0.0, 0.0, 0.0, 0.0, 0.0, 0.0, 0.0, 0.0, 0.0, 0.0, 0.0, 0.0, 0.0, 0.0, 0.0, 0.0, 0.0, 0.0]","[0.7506338357925415, 0.6331540942192078, 0.7419681549072266, 0.770846962928772, 0.6359939575195312, 0.7503654956817627, 0.6221363544464111, 0.630294680595398, 0.6450480222702026, 0.6419128775596619, 0.6134946346282959, 0.6210905909538269, 0.6364358067512512, 0.6237108707427979, 0.637118935585022, 0.7278022170066833, 0.7759491205215454, 0.739976167678833, 0.7408256530761719, 0.6248444318771362, 0.6427002549171448, 0.641910195350647, 0.6284135580062866, 0.6346893310546875, 0.6201739311218262, 0.7581422924995422, 0.7472537159919739, 0.641717791557312, 0.7493405938148499, 0.6178895235061646, 0.7350858449935913, 0.6161220073699951, 0.6612920761108398, 0.7801240086555481, 0.6493420004844666, 0.7346978187561035, 0.7367712259292603, 0.6404203176498413, 0.6295846104621887, 0.6196675896644592, 0.7596380114555359, 0.6305011510848999, 0.6254246830940247, 0.618961751461029, 0.6127385497093201, 0.6292494535446167, 0.6469802260398865, 0.6180912256240845, 0.6522432565689087, 0.7555996179580688, 0.6340644955635071, 0.7466268539428711, 0.628232479095459, 0.6330885887145996, 0.6242039203643799, 0.6268652677536011, 0.6254762411117554, 0.7676577568054199, 0.6482583284378052, 0.5994791984558105, 0.6194021701812744, 0.6467347145080566, 0.727890133857727, 0.6274429559707642, 0.6579271554946899, 0.6613219976425171, 0.6182693243026733, 0.6210217475891113, 0.7389266490936279, 0.6194454431533813, 0.6280838251113892, 0.6504435539245605, 0.6173679828643799, 0.7382798194885254, 0.6398751735687256, 0.6215994358062744, 0.7759876251220703, 0.7400884032249451, 0.6483198404312134, 0.7504016757011414, 0.663033664226532, 0.7721797227859497, 0.7653555870056152, 0.6486736536026001, 0.6444079875946045, 0.6501147150993347, 0.7287171483039856, 0.7426683902740479, 0.6327735185623169, 0.740975022315979, 0.6359041929244995, 0.7323954105377197, 0.770259439945221, 0.6362171173095703, 0.7235390543937683, 0.6598079204559326, 0.7706618309020996, 0.6151063442230225, 0.6202348470687866, 0.6355365514755249]",0,set(),"[0.0833333358168602, 0.9166666865348816, 0.0833333358168602, 0.0, 0.9166666865348816, 0.0833333358168602, 1.0, 0.9166666865348816, 0.9166666865348816, 1.0, 1.0, 1.0, 1.0, 1.0, 0.9166666865348816, 0.25, 0.0833333358168602, 0.1666666716337204, 0.0, 1.0, 0.9166666865348816, 0.9166666865348816, 1.0, 0.8333333134651184, 1.0, 0.0833333358168602, 0.0, 1.0, 0.1666666716337204, 1.0, 0.0833333358168602, 0.9166666865348816, 0.9166666865348816, 0.0, 0.9166666865348816, 0.0833333358168602, 0.0833333358168602, 1.0, 1.0, 1.0, 0.1666666716337204, 1.0, 1.0, 1.0, 1.0, 1.0, 1.0, 1.0, 1.0, 0.0833333358168602, 1.0, 0.0, 1.0, 1.0, 0.9166666865348816, 1.0, 0.9166666865348816, 0.0, 0.75, 1.0, 1.0, 1.0, 0.1666666716337204, 1.0, 0.9166666865348816, 1.0, 0.9166666865348816, 1.0, 0.0, 1.0, 1.0, 1.0, 1.0, 0.0833333358168602, 0.8333333134651184, 1.0, 0.0, 0.0833333358168602, 1.0, 0.0833333358168602, 0.9166666865348816, 0.0, 0.0833333358168602, 1.0, 1.0, 1.0, 0.0833333358168602, 0.0833333358168602, 1.0, 0.1666666716337204, 1.0, 0.25, 0.0, 0.9166666865348816, 0.0833333358168602, 1.0, 0.0, 0.9166666865348816, 1.0, 0.75]","[0.944208025932312, 0.9579195976257324, 0.9418439865112305, 0.958865225315094, 0.957446813583374, 0.942789614200592, 0.950827419757843, 0.9560283422470093, 0.9579195976257324, 0.9602836966514587, 0.9470449090003967, 0.9437352418899536, 0.9565011858940125, 0.950827419757843, 0.9612293243408203, 0.9352245926856995, 0.9522458910942078, 0.9380614757537842, 0.9413711428642273, 0.9489361643791199, 0.9607564806938171, 0.9569739699363708, 0.9550827145576477, 0.9522458910942078, 0.9475177526473999, 0.950827419757843, 0.9408983588218689, 0.9569739699363708, 0.9560283422470093, 0.9465721249580383, 0.9380614757537842, 0.9465721249580383, 0.965484619140625, 0.9617021083831787, 0.9569739699363708, 0.9371158480644226, 0.9489361643791199, 0.958865225315094, 0.9522458910942078, 0.9531915187835693, 0.9489361643791199, 0.9541370868682861, 0.9446808695793152, 0.9531915187835693, 0.9399527311325073, 0.9555555582046509, 0.965484619140625, 0.9470449090003967, 0.9673758745193481, 0.9522458910942078, 0.9555555582046509, 0.9451536536216736, 0.9531915187835693, 0.9522458910942078, 0.9522458910942078, 0.9531915187835693, 0.9593380689620972, 0.9498817920684814, 0.9650118350982666, 0.949409008026123, 0.9517730474472046, 0.964066207408905, 0.937588632106781, 0.9536643028259277, 0.9673758745193481, 0.965484619140625, 0.9560283422470093, 0.9470449090003967, 0.9413711428642273, 0.9522458910942078, 0.9541370868682861, 0.9583924412727356, 0.9470449090003967, 0.9446808695793152, 0.9579195976257324, 0.9470449090003967, 0.9593380689620972, 0.9423167705535889, 0.9635933637619019, 0.9460992813110352, 0.9716312289237976, 0.9583924412727356, 0.9517730474472046, 0.964066207408905, 0.9602836966514587, 0.9678487181663513, 0.9371158480644226, 0.9437352418899536, 0.9598108530044556, 0.950827419757843, 0.9531915187835693, 0.9399527311325073, 0.9579195976257324, 0.957446813583374, 0.9385342597961426, 0.970685601234436, 0.9522458910942078, 0.9513002634048462, 0.9531915187835693, 0.9560283422470093]",0.6641666293144226,0.9526335000991821,0.9659090638160706,0.9659090638160706,0.0784313753247261,0.9466555118560791,0.9527186761229315,0.21199870109558105
47,100,100,0,33,67,"[0.0, 0.0, 0.0, 0.0, 0.0, 0.0, 0.0, 0.0, 0.0, 0.0, 0.0, 0.0, 0.0, 0.0, 0.0, 0.0, 0.0, 0.0, 0.0, 0.0, 0.0, 0.0, 0.0, 0.0, 0.0, 0.0, 0.0, 0.0, 0.0, 0.0, 0.0, 0.0, 0.0, 0.0, 0.0, 0.0, 0.0, 0.0, 0.0, 0.0, 0.0, 0.0, 0.0, 0.0, 0.0, 0.0, 0.0, 0.0, 0.0, 0.0, 0.0, 0.0, 0.0, 0.0, 0.0, 0.0, 0.0, 0.0, 0.0, 0.0, 0.0, 0.0, 0.0, 0.0, 0.0, 0.0, 0.0, 0.0, 0.0, 0.0, 0.0, 0.0, 0.0, 0.0, 0.0, 0.0, 0.0, 0.0, 0.0, 0.0, 0.0, 0.0, 0.0, 0.0, 0.0, 0.0, 0.0, 0.0, 0.0, 0.0, 0.0, 0.0, 0.0, 0.0, 0.0, 0.0, 0.0, 0.0, 0.0, 0.0]","[0.7452372312545776, 0.6432704329490662, 0.6336910128593445, 0.6456066370010376, 0.6289798021316528, 0.7678346633911133, 0.6271175146102905, 0.6479894518852234, 0.636805534362793, 0.6333612203598022, 0.7738652229309082, 0.6336883306503296, 0.7382192611694336, 0.7412556409835815, 0.7598850727081299, 0.748596727848053, 0.7549295425415039, 0.7343422174453735, 0.6341162919998169, 0.7743848562240601, 0.6417075991630554, 0.6313032507896423, 0.7739384770393372, 0.6133072376251221, 0.7618488669395447, 0.638108491897583, 0.632067859172821, 0.6445580720901489, 0.6149708032608032, 0.751962423324585, 0.628582775592804, 0.7648721933364868, 0.6373593807220459, 0.749769926071167, 0.6438636183738708, 0.7688130140304565, 0.63301682472229, 0.6260518431663513, 0.640572190284729, 0.6220601201057434, 0.6318520307540894, 0.6514461040496826, 0.6315061450004578, 0.6135979294776917, 0.6478970646858215, 0.7664330005645752, 0.6215239763259888, 0.752812385559082, 0.6119258403778076, 0.6465947031974792, 0.7594742178916931, 0.7799435257911682, 0.658952534198761, 0.7412492036819458, 0.6239639520645142, 0.6387922167778015, 0.759242057800293, 0.734660267829895, 0.6368279457092285, 0.6499907970428467, 0.6362589001655579, 0.6220599412918091, 0.6134402751922607, 0.6491705179214478, 0.6507576704025269, 0.634594202041626, 0.6264106035232544, 0.7724522352218628, 0.7421146631240845, 0.6311426162719727, 0.7670048475265503, 0.6288327574729919, 0.7553689479827881, 0.6493401527404785, 0.6278308629989624, 0.6557276844978333, 0.791487455368042, 0.6458876132965088, 0.6187677383422852, 0.6298773288726807, 0.7758462429046631, 0.7240756750106812, 0.6513136029243469, 0.6350144147872925, 0.6439070701599121, 0.602281928062439, 0.6591577529907227, 0.6328689455986023, 0.7599059343338013, 0.624580442905426, 0.629988431930542, 0.6375479698181152, 0.6142808198928833, 0.660902738571167, 0.7450296878814697, 0.643772304058075, 0.6272158026695251, 0.7405081987380981, 0.6352340579032898, 0.6426926851272583]",0,set(),"[0.0833333358168602, 0.9166666865348816, 1.0, 1.0, 1.0, 0.0, 1.0, 1.0, 0.9166666865348816, 1.0, 0.0, 1.0, 0.0, 0.0833333358168602, 0.0833333358168602, 0.0, 0.0, 0.0, 1.0, 0.0, 0.9166666865348816, 0.9166666865348816, 0.0, 1.0, 0.0833333358168602, 0.9166666865348816, 0.9166666865348816, 0.8333333134651184, 1.0, 0.0, 0.9166666865348816, 0.0, 0.9166666865348816, 0.0833333358168602, 1.0, 0.0, 1.0, 1.0, 0.8333333134651184, 1.0, 0.9166666865348816, 0.9166666865348816, 0.75, 1.0, 0.8333333134651184, 0.0, 1.0, 0.0833333358168602, 1.0, 0.9166666865348816, 0.0833333358168602, 0.0, 1.0, 0.25, 1.0, 1.0, 0.0, 0.1666666716337204, 0.8333333134651184, 0.9166666865348816, 0.9166666865348816, 0.9166666865348816, 0.9166666865348816, 0.9166666865348816, 0.9166666865348816, 1.0, 1.0, 0.0, 0.0, 0.9166666865348816, 0.0833333358168602, 0.9166666865348816, 0.0833333358168602, 0.9166666865348816, 0.9166666865348816, 0.9166666865348816, 0.0, 1.0, 1.0, 1.0, 0.0, 0.0833333358168602, 1.0, 0.9166666865348816, 1.0, 1.0, 1.0, 1.0, 0.0, 1.0, 1.0, 1.0, 1.0, 1.0, 0.0, 0.9166666865348816, 1.0, 0.0, 1.0, 1.0]","[0.9513002634048462, 0.9583924412727356, 0.9579195976257324, 0.9579195976257324, 0.9531915187835693, 0.9536643028259277, 0.9550827145576477, 0.9602836966514587, 0.958865225315094, 0.9527186751365662, 0.9550827145576477, 0.9531915187835693, 0.9446808695793152, 0.9423167705535889, 0.9555555582046509, 0.9408983588218689, 0.9432623982429504, 0.942789614200592, 0.9565011858940125, 0.950827419757843, 0.9659574627876282, 0.9645389914512634, 0.9602836966514587, 0.9517730474472046, 0.9484633803367615, 0.9617021083831787, 0.9621749520301819, 0.9631205797195435, 0.9489361643791199, 0.9484633803367615, 0.9536643028259277, 0.9522458910942078, 0.9569739699363708, 0.9479905366897583, 0.964066207408905, 0.9555555582046509, 0.9560283422470093, 0.9541370868682861, 0.9583924412727356, 0.9527186751365662, 0.9583924412727356, 0.9664302468299866, 0.9527186751365662, 0.9536643028259277, 0.9683215022087097, 0.9541370868682861, 0.9565011858940125, 0.9522458910942078, 0.9475177526473999, 0.9621749520301819, 0.9527186751365662, 0.9598108530044556, 0.9711583852767944, 0.9446808695793152, 0.9531915187835693, 0.958865225315094, 0.9503546357154846, 0.9380614757537842, 0.9621749520301819, 0.9664302468299866, 0.9621749520301819, 0.9536643028259277, 0.9522458910942078, 0.9602836966514587, 0.9711583852767944, 0.9536643028259277, 0.9569739699363708, 0.9536643028259277, 0.9465721249580383, 0.9626477360725403, 0.950827419757843, 0.9531915187835693, 0.9456264972686768, 0.9664302468299866, 0.9536643028259277, 0.965484619140625, 0.9583924412727356, 0.9664302468299866, 0.9531915187835693, 0.958865225315094, 0.9555555582046509, 0.9385342597961426, 0.9650118350982666, 0.9593380689620972, 0.9579195976257324, 0.949409008026123, 0.972104012966156, 0.9607564806938171, 0.9513002634048462, 0.957446813583374, 0.9522458910942078, 0.9569739699363708, 0.9527186751365662, 0.970685601234436, 0.9479905366897583, 0.9673758745193481, 0.949409008026123, 0.9456264972686768, 0.9546099305152893, 0.9569739699363708]",0.6533333659172058,0.9556832909584045,0.9564676880836487,0.9564676880836487,0.03787878900766373,0.9496811628341675,0.9531914893617022,0.2114715576171875
48,100,100,0,27,73,"[0.0, 0.0, 0.0, 0.0, 0.0, 0.0, 0.0, 0.0, 0.0, 0.0, 0.0, 0.0, 0.0, 0.0, 0.0, 0.0, 0.0, 0.0, 0.0, 0.0, 0.0, 0.0, 0.0, 0.0, 0.0, 0.0, 0.0, 0.0, 0.0, 0.0, 0.0, 0.0, 0.0, 0.0, 0.0, 0.0, 0.0, 0.0, 0.0, 0.0, 0.0, 0.0, 0.0, 0.0, 0.0, 0.0, 0.0, 0.0, 0.0, 0.0, 0.0, 0.0, 0.0, 0.0, 0.0, 0.0, 0.0, 0.0, 0.0, 0.0, 0.0, 0.0, 0.0, 0.0, 0.0, 0.0, 0.0, 0.0, 0.0, 0.0, 0.0, 0.0, 0.0, 0.0, 0.0, 0.0, 0.0, 0.0, 0.0, 0.0, 0.0, 0.0, 0.0, 0.0, 0.0, 0.0, 0.0, 0.0, 0.0, 0.0, 0.0, 0.0, 0.0, 0.0, 0.0, 0.0, 0.0, 0.0, 0.0, 0.0]","[0.6382444500923157, 0.6285065412521362, 0.63929283618927, 0.6220190525054932, 0.618500828742981, 0.6400922536849976, 0.6298468112945557, 0.644638180732727, 0.603219747543335, 0.6327987313270569, 0.7676201462745667, 0.6445950269699097, 0.6373669505119324, 0.6329834461212158, 0.6433485746383667, 0.6404690742492676, 0.6246757507324219, 0.6327337622642517, 0.7524619102478027, 0.6483830809593201, 0.6542818546295166, 0.6358717083930969, 0.756091833114624, 0.605650782585144, 0.7610248923301697, 0.7595199346542358, 0.752179741859436, 0.6458045244216919, 0.6214103698730469, 0.6214414238929749, 0.7448505163192749, 0.6226320266723633, 0.657865047454834, 0.6486609578132629, 0.7499934434890747, 0.6213735342025757, 0.7816513180732727, 0.6355980634689331, 0.6275621652603149, 0.6120110154151917, 0.6400734782218933, 0.6324886083602905, 0.7521650195121765, 0.6286219358444214, 0.6141270399093628, 0.7299292087554932, 0.6372770071029663, 0.7581508159637451, 0.6220990419387817, 0.6502814888954163, 0.6316431164741516, 0.6005388498306274, 0.6464519500732422, 0.6204702854156494, 0.776204526424408, 0.6324774026870728, 0.628792405128479, 0.6149624586105347, 0.600981593132019, 0.6130466461181641, 0.6330853700637817, 0.7496063709259033, 0.6300063133239746, 0.6149737238883972, 0.7436234951019287, 0.6567944288253784, 0.6420372724533081, 0.7562823295593262, 0.7414363622665405, 0.6464916467666626, 0.7936257123947144, 0.6263428926467896, 0.6117117404937744, 0.6480628848075867, 0.650036633014679, 0.6261347532272339, 0.6439604759216309, 0.6420056819915771, 0.7419302463531494, 0.6315120458602905, 0.6127105355262756, 0.6288498044013977, 0.6426507234573364, 0.6594976186752319, 0.649114191532135, 0.7561286687850952, 0.6229713559150696, 0.7306889295578003, 0.6206481456756592, 0.6170204877853394, 0.7436971664428711, 0.7500861287117004, 0.7798179388046265, 0.7534130811691284, 0.6497778296470642, 0.6117956638336182, 0.6310611963272095, 0.644609808921814, 0.7471053600311279, 0.7510213851928711]",0,set(),"[1.0, 1.0, 0.9166666865348816, 1.0, 1.0, 1.0, 1.0, 1.0, 1.0, 1.0, 0.0, 1.0, 0.9166666865348816, 0.75, 1.0, 0.9166666865348816, 1.0, 1.0, 0.0, 1.0, 0.9166666865348816, 1.0, 0.0, 1.0, 0.0833333358168602, 0.0, 0.1666666716337204, 0.9166666865348816, 0.9166666865348816, 1.0, 0.0833333358168602, 1.0, 1.0, 0.9166666865348816, 0.0, 1.0, 0.0, 1.0, 1.0, 1.0, 0.9166666865348816, 1.0, 0.0833333358168602, 0.9166666865348816, 1.0, 0.25, 0.9166666865348816, 0.0, 0.9166666865348816, 0.9166666865348816, 1.0, 1.0, 1.0, 1.0, 0.0, 1.0, 1.0, 1.0, 1.0, 0.9166666865348816, 1.0, 0.0, 1.0, 1.0, 0.1666666716337204, 1.0, 0.9166666865348816, 0.0833333358168602, 0.0, 0.9166666865348816, 0.0, 0.9166666865348816, 1.0, 1.0, 1.0, 1.0, 1.0, 1.0, 0.0, 1.0, 1.0, 1.0, 0.9166666865348816, 1.0, 0.9166666865348816, 0.0, 1.0, 0.0, 0.9166666865348816, 1.0, 0.0833333358168602, 0.0, 0.0, 0.0833333358168602, 0.9166666865348816, 1.0, 1.0, 0.9166666865348816, 0.0833333358168602, 0.0833333358168602]","[0.9583924412727356, 0.9565011858940125, 0.9659574627876282, 0.9527186751365662, 0.9560283422470093, 0.9607564806938171, 0.958865225315094, 0.9697399735450745, 0.9541370868682861, 0.9607564806938171, 0.958865225315094, 0.9645389914512634, 0.9498817920684814, 0.9626477360725403, 0.9678487181663513, 0.970685601234436, 0.9612293243408203, 0.9602836966514587, 0.9527186751365662, 0.9697399735450745, 0.9678487181663513, 0.9617021083831787, 0.9517730474472046, 0.9536643028259277, 0.9555555582046509, 0.9522458910942078, 0.950827419757843, 0.9687943458557129, 0.9569739699363708, 0.9546099305152893, 0.9475177526473999, 0.9560283422470093, 0.9711583852767944, 0.9664302468299866, 0.9536643028259277, 0.9546099305152893, 0.9527186751365662, 0.9602836966514587, 0.9617021083831787, 0.950827419757843, 0.9650118350982666, 0.9669030904769897, 0.9460992813110352, 0.9583924412727356, 0.9536643028259277, 0.9390071034431458, 0.9673758745193481, 0.9536643028259277, 0.957446813583374, 0.9692671298980713, 0.9621749520301819, 0.9531915187835693, 0.9711583852767944, 0.9550827145576477, 0.9607564806938171, 0.9626477360725403, 0.9527186751365662, 0.9569739699363708, 0.9460992813110352, 0.9503546357154846, 0.9536643028259277, 0.9479905366897583, 0.9659574627876282, 0.9527186751365662, 0.9489361643791199, 0.9725768566131592, 0.9621749520301819, 0.9503546357154846, 0.944208025932312, 0.9664302468299866, 0.965484619140625, 0.9602836966514587, 0.9531915187835693, 0.9702127575874329, 0.9711583852767944, 0.9536643028259277, 0.9626477360725403, 0.9664302468299866, 0.9456264972686768, 0.9650118350982666, 0.9560283422470093, 0.9555555582046509, 0.9626477360725403, 0.9692671298980713, 0.9664302468299866, 0.949409008026123, 0.9579195976257324, 0.9385342597961426, 0.9569739699363708, 0.9531915187835693, 0.9460992813110352, 0.9460992813110352, 0.9621749520301819, 0.9475177526473999, 0.9664302468299866, 0.9579195976257324, 0.964066207408905, 0.9683215022087097, 0.9432623982429504, 0.9479905366897583]",0.7225000858306885,0.9580378532409668,0.9726027250289917,0.9726027250289917,0.04629630222916603,0.9503371119499207,0.956501182033097,0.11320829391479492
49,100,100,0,35,65,"[0.0, 0.0, 0.0, 0.0, 0.0, 0.0, 0.0, 0.0, 0.0, 0.0, 0.0, 0.0, 0.0, 0.0, 0.0, 0.0, 0.0, 0.0, 0.0, 0.0, 0.0, 0.0, 0.0, 0.0, 0.0, 0.0, 0.0, 0.0, 0.0, 0.0, 0.0, 0.0, 0.0, 0.0, 0.0, 0.0, 0.0, 0.0, 0.0, 0.0, 0.0, 0.0, 0.0, 0.0, 0.0, 0.0, 0.0, 0.0, 0.0, 0.0, 0.0, 0.0, 0.0, 0.0, 0.0, 0.0, 0.0, 0.0, 0.0, 0.0, 0.0, 0.0, 0.0, 0.0, 0.0, 0.0, 0.0, 0.0, 0.0, 0.0, 0.0, 0.0, 0.0, 0.0, 0.0, 0.0, 0.0, 0.0, 0.0, 0.0, 0.0, 0.0, 0.0, 0.0, 0.0, 0.0, 0.0, 0.0, 0.0, 0.0, 0.0, 0.0, 0.0, 0.0, 0.0, 0.0, 0.0, 0.0, 0.0, 0.0]","[0.6423872709274292, 0.7438356876373291, 0.7763999700546265, 0.6188212633132935, 0.6193478107452393, 0.7403504848480225, 0.7688943147659302, 0.6034443378448486, 0.6203335523605347, 0.6274220943450928, 0.6466749906539917, 0.6155521869659424, 0.6492739915847778, 0.646336019039154, 0.6203634142875671, 0.7701833248138428, 0.6443232297897339, 0.765471875667572, 0.7517005801200867, 0.7596004009246826, 0.6283515095710754, 0.6389545798301697, 0.624534010887146, 0.7585207223892212, 0.5906119346618652, 0.7553082704544067, 0.7780315279960632, 0.6352981328964233, 0.6172166466712952, 0.6261255741119385, 0.6096500754356384, 0.6621673107147217, 0.6336754560470581, 0.6061201691627502, 0.646949827671051, 0.7636705636978149, 0.6193572282791138, 0.7694422006607056, 0.6183167695999146, 0.7660276889801025, 0.6127790212631226, 0.6248345971107483, 0.7523937225341797, 0.644981861114502, 0.6274051070213318, 0.7801321744918823, 0.6099792718887329, 0.6029020547866821, 0.6310927867889404, 0.7407265901565552, 0.6375871896743774, 0.6141265034675598, 0.6123996376991272, 0.7796447277069092, 0.6134828329086304, 0.6180065870285034, 0.644094705581665, 0.7809971570968628, 0.6225087642669678, 0.7542524337768555, 0.6256905198097229, 0.6307433247566223, 0.6105067729949951, 0.6240795850753784, 0.7812567353248596, 0.7742329835891724, 0.746041476726532, 0.6035551428794861, 0.7626144886016846, 0.6091139316558838, 0.632317304611206, 0.6569353342056274, 0.6374833583831787, 0.6235320568084717, 0.6141926646232605, 0.6445112228393555, 0.6325404047966003, 0.6276448965072632, 0.61558997631073, 0.7372058629989624, 0.7658194303512573, 0.765068769454956, 0.6188709735870361, 0.7582342028617859, 0.7431185245513916, 0.7321010231971741, 0.760350227355957, 0.6450395584106445, 0.6568022966384888, 0.7958333492279053, 0.6192789077758789, 0.6145547032356262, 0.7574870586395264, 0.6310853362083435, 0.6271270513534546, 0.6129258275032043, 0.7641538381576538, 0.7486066818237305, 0.6510342359542847, 0.6534179449081421]",0,set(),"[1.0, 0.0, 0.0833333358168602, 1.0, 1.0, 0.0, 0.0, 1.0, 1.0, 1.0, 0.8333333134651184, 0.9166666865348816, 1.0, 1.0, 1.0, 0.0, 1.0, 0.0, 0.0833333358168602, 0.0, 1.0, 0.9166666865348816, 1.0, 0.0833333358168602, 0.9166666865348816, 0.0833333358168602, 0.0, 1.0, 0.9166666865348816, 1.0, 1.0, 0.8333333134651184, 1.0, 1.0, 1.0, 0.0833333358168602, 1.0, 0.0, 1.0, 0.0833333358168602, 1.0, 1.0, 0.0, 1.0, 0.9166666865348816, 0.0, 1.0, 1.0, 1.0, 0.25, 0.9166666865348816, 1.0, 1.0, 0.0, 1.0, 1.0, 0.9166666865348816, 0.0, 1.0, 0.0, 1.0, 1.0, 1.0, 1.0, 0.0, 0.0, 0.0, 1.0, 0.0833333358168602, 1.0, 1.0, 1.0, 1.0, 1.0, 0.9166666865348816, 1.0, 1.0, 1.0, 0.9166666865348816, 0.0, 0.0833333358168602, 0.0833333358168602, 0.9166666865348816, 0.0, 0.1666666716337204, 0.0, 0.0, 0.9166666865348816, 1.0, 0.0833333358168602, 1.0, 1.0, 0.1666666716337204, 1.0, 0.9166666865348816, 1.0, 0.0, 0.0, 1.0, 0.9166666865348816]","[0.9645389914512634, 0.9513002634048462, 0.9560283422470093, 0.9664302468299866, 0.9579195976257324, 0.9498817920684814, 0.9607564806938171, 0.9536643028259277, 0.9593380689620972, 0.9650118350982666, 0.9683215022087097, 0.9583924412727356, 0.972104012966156, 0.972104012966156, 0.9621749520301819, 0.9626477360725403, 0.9687943458557129, 0.9531915187835693, 0.9531915187835693, 0.9498817920684814, 0.965484619140625, 0.9678487181663513, 0.964066207408905, 0.9565011858940125, 0.944208025932312, 0.9517730474472046, 0.9664302468299866, 0.9621749520301819, 0.958865225315094, 0.958865225315094, 0.9579195976257324, 0.9749408960342407, 0.9673758745193481, 0.957446813583374, 0.9711583852767944, 0.957446813583374, 0.9569739699363708, 0.9546099305152893, 0.9560283422470093, 0.9555555582046509, 0.957446813583374, 0.957446813583374, 0.9465721249580383, 0.972104012966156, 0.9555555582046509, 0.9602836966514587, 0.9513002634048462, 0.9546099305152893, 0.9569739699363708, 0.9413711428642273, 0.9673758745193481, 0.9593380689620972, 0.9550827145576477, 0.9565011858940125, 0.9555555582046509, 0.9475177526473999, 0.9702127575874329, 0.9635933637619019, 0.9541370868682861, 0.9560283422470093, 0.9579195976257324, 0.9621749520301819, 0.9569739699363708, 0.9635933637619019, 0.9598108530044556, 0.9546099305152893, 0.9503546357154846, 0.9550827145576477, 0.9531915187835693, 0.9484633803367615, 0.9687943458557129, 0.9735224843025208, 0.9678487181663513, 0.9621749520301819, 0.9626477360725403, 0.957446813583374, 0.9541370868682861, 0.9579195976257324, 0.9635933637619019, 0.9470449090003967, 0.9569739699363708, 0.9626477360725403, 0.9531915187835693, 0.9550827145576477, 0.9470449090003967, 0.9408983588218689, 0.9555555582046509, 0.9626477360725403, 0.9758865237236023, 0.964066207408905, 0.957446813583374, 0.9536643028259277, 0.9498817920684814, 0.9569739699363708, 0.9626477360725403, 0.9531915187835693, 0.9593380689620972, 0.9522458910942078, 0.9692671298980713, 0.972104012966156]",0.6499999761581421,0.9588841795921326,0.978205144405365,0.978205144405365,0.04047618806362152,0.9546370506286621,0.9583924349881797,0.11293387413024902
50,100,100,0,33,67,"[0.0, 0.0, 0.0, 0.0, 0.0, 0.0, 0.0, 0.0, 0.0, 0.0, 0.0, 0.0, 0.0, 0.0, 0.0, 0.0, 0.0, 0.0, 0.0, 0.0, 0.0, 0.0, 0.0, 0.0, 0.0, 0.0, 0.0, 0.0, 0.0, 0.0, 0.0, 0.0, 0.0, 0.0, 0.0, 0.0, 0.0, 0.0, 0.0, 0.0, 0.0, 0.0, 0.0, 0.0, 0.0, 0.0, 0.0, 0.0, 0.0, 0.0, 0.0, 0.0, 0.0, 0.0, 0.0, 0.0, 0.0, 0.0, 0.0, 0.0, 0.0, 0.0, 0.0, 0.0, 0.0, 0.0, 0.0, 0.0, 0.0, 0.0, 0.0, 0.0, 0.0, 0.0, 0.0, 0.0, 0.0, 0.0, 0.0, 0.0, 0.0, 0.0, 0.0, 0.0, 0.0, 0.0, 0.0, 0.0, 0.0, 0.0, 0.0, 0.0, 0.0, 0.0, 0.0, 0.0, 0.0, 0.0, 0.0, 0.0]","[0.6313304901123047, 0.7458588480949402, 0.6221189498901367, 0.7434648871421814, 0.6229633092880249, 0.774004340171814, 0.7746891975402832, 0.6487094163894653, 0.6389918923377991, 0.6143916249275208, 0.7719792127609253, 0.6456239223480225, 0.7705697417259216, 0.7703986167907715, 0.7387762665748596, 0.7721099853515625, 0.6504764556884766, 0.6509546041488647, 0.6412489414215088, 0.7465460300445557, 0.6308352947235107, 0.6289710998535156, 0.6457889676094055, 0.6111388206481934, 0.7463552951812744, 0.6430292129516602, 0.6311683058738708, 0.6578903794288635, 0.7655096054077148, 0.6141735911369324, 0.6532201766967773, 0.6473037004470825, 0.6463693380355835, 0.6480599641799927, 0.6271234750747681, 0.7461825609207153, 0.6155537962913513, 0.6220718622207642, 0.7498296499252319, 0.6300444602966309, 0.7667046785354614, 0.6138427257537842, 0.607940673828125, 0.7975631952285767, 0.6084262132644653, 0.6169182062149048, 0.6330012083053589, 0.6166226863861084, 0.6293239593505859, 0.6146756410598755, 0.6399839520454407, 0.7444019317626953, 0.6380003690719604, 0.7521748542785645, 0.640657365322113, 0.6171748638153076, 0.6480932235717773, 0.6299244165420532, 0.7954940795898438, 0.6466127038002014, 0.6366769075393677, 0.615918755531311, 0.6269308924674988, 0.7559059262275696, 0.6428558230400085, 0.6413059234619141, 0.62696373462677, 0.7532799243927002, 0.5973255038261414, 0.617496132850647, 0.7445700168609619, 0.7602154016494751, 0.6228529810905457, 0.6176557540893555, 0.7415937781333923, 0.6253818273544312, 0.6367717981338501, 0.6353384256362915, 0.7894836664199829, 0.6264638900756836, 0.6234546899795532, 0.761512041091919, 0.761372983455658, 0.6360753774642944, 0.7335419058799744, 0.648682177066803, 0.7329830527305603, 0.6071186065673828, 0.6392793655395508, 0.747147262096405, 0.6283426880836487, 0.6238782405853271, 0.7605308890342712, 0.6505237817764282, 0.6135741472244263, 0.7796405553817749, 0.7870117425918579, 0.6435930132865906, 0.651950478553772, 0.6342347860336304]",0,set(),"[0.9166666865348816, 0.25, 1.0, 0.0833333358168602, 1.0, 0.0, 0.0, 1.0, 1.0, 1.0, 0.0, 0.9166666865348816, 0.0, 0.0, 0.25, 0.0, 1.0, 0.9166666865348816, 0.8333333134651184, 0.1666666716337204, 0.8333333134651184, 0.9166666865348816, 0.9166666865348816, 1.0, 0.1666666716337204, 0.9166666865348816, 0.9166666865348816, 0.9166666865348816, 0.0, 0.9166666865348816, 1.0, 1.0, 0.9166666865348816, 0.9166666865348816, 1.0, 0.0, 1.0, 1.0, 0.0, 0.75, 0.0, 1.0, 1.0, 0.0, 1.0, 0.9166666865348816, 1.0, 1.0, 1.0, 1.0, 1.0, 0.1666666716337204, 1.0, 0.0, 1.0, 1.0, 1.0, 1.0, 0.0, 1.0, 1.0, 0.9166666865348816, 1.0, 0.0, 1.0, 1.0, 0.9166666865348816, 0.0, 1.0, 1.0, 0.0833333358168602, 0.0, 0.9166666865348816, 1.0, 0.0, 0.9166666865348816, 1.0, 1.0, 0.0, 0.9166666865348816, 1.0, 0.0833333358168602, 0.0, 1.0, 0.1666666716337204, 0.9166666865348816, 0.0, 1.0, 0.9166666865348816, 0.0, 1.0, 1.0, 0.0833333358168602, 1.0, 1.0, 0.0, 0.0, 1.0, 0.8333333134651184, 1.0]","[0.9669030904769897, 0.9513002634048462, 0.9617021083831787, 0.9517730474472046, 0.9579195976257324, 0.9546099305152893, 0.9650118350982666, 0.9735224843025208, 0.965484619140625, 0.9536643028259277, 0.964066207408905, 0.9678487181663513, 0.9583924412727356, 0.9626477360725403, 0.9460992813110352, 0.9626477360725403, 0.9716312289237976, 0.9697399735450745, 0.9692671298980713, 0.9475177526473999, 0.9687943458557129, 0.9602836966514587, 0.9711583852767944, 0.9565011858940125, 0.9579195976257324, 0.9692671298980713, 0.9635933637619019, 0.9744681119918823, 0.9607564806938171, 0.9650118350982666, 0.9711583852767944, 0.972104012966156, 0.9687943458557129, 0.972104012966156, 0.9503546357154846, 0.9579195976257324, 0.9583924412727356, 0.9602836966514587, 0.9560283422470093, 0.9673758745193481, 0.9560283422470093, 0.9593380689620972, 0.9555555582046509, 0.9716312289237976, 0.9527186751365662, 0.9635933637619019, 0.970685601234436, 0.9555555582046509, 0.9664302468299866, 0.9527186751365662, 0.9692671298980713, 0.949409008026123, 0.9702127575874329, 0.958865225315094, 0.970685601234436, 0.9565011858940125, 0.970685601234436, 0.9583924412727356, 0.970685601234436, 0.970685601234436, 0.9683215022087097, 0.9621749520301819, 0.9687943458557129, 0.9522458910942078, 0.9716312289237976, 0.970685601234436, 0.9664302468299866, 0.9489361643791199, 0.9546099305152893, 0.9669030904769897, 0.9527186751365662, 0.949409008026123, 0.9560283422470093, 0.9565011858940125, 0.9522458910942078, 0.9617021083831787, 0.9664302468299866, 0.9626477360725403, 0.9687943458557129, 0.9602836966514587, 0.9687943458557129, 0.957446813583374, 0.9513002634048462, 0.9711583852767944, 0.9479905366897583, 0.9692671298980713, 0.9418439865112305, 0.9465721249580383, 0.9702127575874329, 0.9513002634048462, 0.9678487181663513, 0.9687943458557129, 0.9565011858940125, 0.9730496406555176, 0.9531915187835693, 0.9531915187835693, 0.9664302468299866, 0.9602836966514587, 0.9730496406555176, 0.9626477360725403]",0.6616666316986084,0.9618203639984131,0.9651740789413452,0.9651740789413452,0.04545455053448677,0.9561716914176941,0.9626477541371158,0.2163100242614746
51,100,100,0,21,79,"[0.0, 0.0, 0.0, 0.0, 0.0, 0.0, 0.0, 0.0, 0.0, 0.0, 0.0, 0.0, 0.0, 0.0, 0.0, 0.0, 0.0, 0.0, 0.0, 0.0, 0.0, 0.0, 0.0, 0.0, 0.0, 0.0, 0.0, 0.0, 0.0, 0.0, 0.0, 0.0, 0.0, 0.0, 0.0, 0.0, 0.0, 0.0, 0.0, 0.0, 0.0, 0.0, 0.0, 0.0, 0.0, 0.0, 0.0, 0.0, 0.0, 0.0, 0.0, 0.0, 0.0, 0.0, 0.0, 0.0, 0.0, 0.0, 0.0, 0.0, 0.0, 0.0, 0.0, 0.0, 0.0, 0.0, 0.0, 0.0, 0.0, 0.0, 0.0, 0.0, 0.0, 0.0, 0.0, 0.0, 0.0, 0.0, 0.0, 0.0, 0.0, 0.0, 0.0, 0.0, 0.0, 0.0, 0.0, 0.0, 0.0, 0.0, 0.0, 0.0, 0.0, 0.0, 0.0, 0.0, 0.0, 0.0, 0.0, 0.0]","[0.6276607513427734, 0.6472244262695312, 0.6476082801818848, 0.6116620898246765, 0.6220663785934448, 0.6242056488990784, 0.6194667220115662, 0.6332331895828247, 0.6416551470756531, 0.6158453226089478, 0.6261229515075684, 0.6153028011322021, 0.6315598487854004, 0.6369913816452026, 0.7325561046600342, 0.6400532722473145, 0.7502726316452026, 0.7646527886390686, 0.6363123655319214, 0.6428236961364746, 0.6091823577880859, 0.6188609004020691, 0.6408007144927979, 0.6306581497192383, 0.6298147439956665, 0.6211973428726196, 0.6199225187301636, 0.7475943565368652, 0.6290231347084045, 0.7624808549880981, 0.800298810005188, 0.590639591217041, 0.6140823364257812, 0.6366893649101257, 0.6212014555931091, 0.6402442455291748, 0.602149248123169, 0.6178211569786072, 0.62135910987854, 0.6224660277366638, 0.6099656224250793, 0.6420608758926392, 0.6111671924591064, 0.6316758990287781, 0.6189069747924805, 0.6382496356964111, 0.7437745928764343, 0.6264859437942505, 0.6446148157119751, 0.7538608312606812, 0.6120432615280151, 0.6340574026107788, 0.7801083326339722, 0.6191343069076538, 0.6078220009803772, 0.6371369361877441, 0.6258881092071533, 0.7368032932281494, 0.6428105235099792, 0.6154184341430664, 0.6307834982872009, 0.6155077219009399, 0.6360111236572266, 0.6286718845367432, 0.6251152753829956, 0.7557790279388428, 0.6250599026679993, 0.7871148586273193, 0.6443862915039062, 0.6354882717132568, 0.6103441715240479, 0.6134158372879028, 0.6332211494445801, 0.6153266429901123, 0.6276570558547974, 0.65384840965271, 0.7519427537918091, 0.7840933799743652, 0.6282522082328796, 0.7518353462219238, 0.6251744031906128, 0.6274944543838501, 0.6269031763076782, 0.6250107884407043, 0.6002875566482544, 0.6394635438919067, 0.6485241651535034, 0.7706948518753052, 0.7802619934082031, 0.7447510957717896, 0.6506778001785278, 0.6159103512763977, 0.6150556802749634, 0.6352473497390747, 0.7382469177246094, 0.6432693004608154, 0.7667183876037598, 0.6379212737083435, 0.7772353887557983, 0.6254547834396362]",0,set(),"[0.9166666865348816, 1.0, 1.0, 1.0, 1.0, 1.0, 1.0, 0.9166666865348816, 1.0, 0.9166666865348816, 0.9166666865348816, 0.9166666865348816, 1.0, 1.0, 0.1666666716337204, 0.8333333134651184, 0.0, 0.0, 0.9166666865348816, 1.0, 1.0, 0.9166666865348816, 0.9166666865348816, 1.0, 1.0, 1.0, 1.0, 0.1666666716337204, 0.9166666865348816, 0.3333333432674408, 0.0, 1.0, 1.0, 1.0, 1.0, 1.0, 1.0, 0.9166666865348816, 1.0, 1.0, 1.0, 1.0, 1.0, 0.9166666865348816, 1.0, 0.75, 0.0, 1.0, 0.8333333134651184, 0.0833333358168602, 1.0, 1.0, 0.0, 1.0, 1.0, 0.9166666865348816, 0.9166666865348816, 0.0833333358168602, 1.0, 1.0, 1.0, 1.0, 0.9166666865348816, 1.0, 0.9166666865348816, 0.0, 0.9166666865348816, 0.0, 0.9166666865348816, 0.9166666865348816, 1.0, 0.9166666865348816, 0.9166666865348816, 1.0, 1.0, 0.9166666865348816, 0.0833333358168602, 0.0, 0.9166666865348816, 0.1666666716337204, 1.0, 1.0, 1.0, 1.0, 1.0, 0.8333333134651184, 0.9166666865348816, 0.0, 0.0, 0.0833333358168602, 0.9166666865348816, 1.0, 1.0, 0.9166666865348816, 0.1666666716337204, 1.0, 0.0833333358168602, 1.0, 0.1666666716337204, 1.0]","[0.9650118350982666, 0.9749408960342407, 0.972104012966156, 0.957446813583374, 0.9711583852767944, 0.9631205797195435, 0.9683215022087097, 0.9598108530044556, 0.9735224843025208, 0.9617021083831787, 0.9664302468299866, 0.9678487181663513, 0.9687943458557129, 0.9716312289237976, 0.9432623982429504, 0.970685601234436, 0.9593380689620972, 0.9579195976257324, 0.9725768566131592, 0.9730496406555176, 0.9593380689620972, 0.9683215022087097, 0.9716312289237976, 0.9730496406555176, 0.9692671298980713, 0.970685601234436, 0.9664302468299866, 0.9598108530044556, 0.9659574627876282, 0.9569739699363708, 0.9678487181663513, 0.9550827145576477, 0.9607564806938171, 0.9697399735450745, 0.964066207408905, 0.9687943458557129, 0.9583924412727356, 0.9669030904769897, 0.9678487181663513, 0.970685601234436, 0.9645389914512634, 0.9711583852767944, 0.9650118350982666, 0.9697399735450745, 0.970685601234436, 0.9716312289237976, 0.9536643028259277, 0.9602836966514587, 0.9739952683448792, 0.9550827145576477, 0.9631205797195435, 0.970685601234436, 0.9546099305152893, 0.9669030904769897, 0.9546099305152893, 0.9678487181663513, 0.9626477360725403, 0.9489361643791199, 0.9716312289237976, 0.9664302468299866, 0.9697399735450745, 0.9607564806938171, 0.9735224843025208, 0.9673758745193481, 0.9626477360725403, 0.9664302468299866, 0.9678487181663513, 0.9687943458557129, 0.9716312289237976, 0.9711583852767944, 0.9593380689620972, 0.965484619140625, 0.972104012966156, 0.950827419757843, 0.964066207408905, 0.9763593673706055, 0.9612293243408203, 0.9602836966514587, 0.9650118350982666, 0.9517730474472046, 0.9621749520301819, 0.970685601234436, 0.9664302468299866, 0.9687943458557129, 0.9579195976257324, 0.9697399735450745, 0.9725768566131592, 0.9607564806938171, 0.9687943458557129, 0.9541370868682861, 0.9749408960342407, 0.965484619140625, 0.9550827145576477, 0.9702127575874329, 0.9503546357154846, 0.9645389914512634, 0.9664302468299866, 0.9683215022087097, 0.9593380689620972, 0.964066207408905]",0.7774999737739563,0.9651063680648804,0.9641349911689758,0.9641349911689758,0.075396828353405,0.9583698511123657,0.9664302600472813,0.11321067810058594
52,100,100,0,31,69,"[0.0, 0.0, 0.0, 0.0, 0.0, 0.0, 0.0, 0.0, 0.0, 0.0, 0.0, 0.0, 0.0, 0.0, 0.0, 0.0, 0.0, 0.0, 0.0, 0.0, 0.0, 0.0, 0.0, 0.0, 0.0, 0.0, 0.0, 0.0, 0.0, 0.0, 0.0, 0.0, 0.0, 0.0, 0.0, 0.0, 0.0, 0.0, 0.0, 0.0, 0.0, 0.0, 0.0, 0.0, 0.0, 0.0, 0.0, 0.0, 0.0, 0.0, 0.0, 0.0, 0.0, 0.0, 0.0, 0.0, 0.0, 0.0, 0.0, 0.0, 0.0, 0.0, 0.0, 0.0, 0.0, 0.0, 0.0, 0.0, 0.0, 0.0, 0.0, 0.0, 0.0, 0.0, 0.0, 0.0, 0.0, 0.0, 0.0, 0.0, 0.0, 0.0, 0.0, 0.0, 0.0, 0.0, 0.0, 0.0, 0.0, 0.0, 0.0, 0.0, 0.0, 0.0, 0.0, 0.0, 0.0, 0.0, 0.0, 0.0]","[0.6141679883003235, 0.7648370265960693, 0.5990267395973206, 0.6190136671066284, 0.6378743052482605, 0.6201853156089783, 0.7786760330200195, 0.6240976452827454, 0.7563369274139404, 0.6425648927688599, 0.7683349847793579, 0.806460976600647, 0.6282516717910767, 0.6264475584030151, 0.622773289680481, 0.7702750563621521, 0.7693769931793213, 0.7515960931777954, 0.6318125128746033, 0.7516342997550964, 0.6438498497009277, 0.6083054542541504, 0.6372840404510498, 0.6035075187683105, 0.7297658920288086, 0.794198751449585, 0.7609130144119263, 0.6387442350387573, 0.632271945476532, 0.7448086738586426, 0.6269816160202026, 0.6169347763061523, 0.6448405385017395, 0.7497509717941284, 0.6153765320777893, 0.6167054176330566, 0.6169750690460205, 0.6334275007247925, 0.7674429416656494, 0.63813316822052, 0.6185991168022156, 0.6360336542129517, 0.7698826789855957, 0.6406841278076172, 0.6232544183731079, 0.6132593154907227, 0.7835745811462402, 0.5871745347976685, 0.6391434669494629, 0.6338327527046204, 0.6339460611343384, 0.6187349557876587, 0.7629674673080444, 0.7574400305747986, 0.6530735492706299, 0.6213172674179077, 0.6127346754074097, 0.6155530214309692, 0.7209500074386597, 0.6181317567825317, 0.6179608702659607, 0.6357751488685608, 0.756834864616394, 0.6388481855392456, 0.6181083917617798, 0.632999062538147, 0.6076883673667908, 0.597183883190155, 0.6327425241470337, 0.6522661447525024, 0.6132634878158569, 0.6236972808837891, 0.63594651222229, 0.6056454181671143, 0.6248548626899719, 0.6012586951255798, 0.6106029748916626, 0.6192290782928467, 0.6246129870414734, 0.7609580755233765, 0.602171003818512, 0.626197099685669, 0.6243680715560913, 0.6476986408233643, 0.6056315302848816, 0.7597419023513794, 0.7539395093917847, 0.7633308172225952, 0.7497464418411255, 0.6049140691757202, 0.609139621257782, 0.738364577293396, 0.6000837087631226, 0.7360824346542358, 0.6449200510978699, 0.6330425143241882, 0.758502721786499, 0.6172247529029846, 0.7811785936355591, 0.791645884513855]",0,set(),"[0.9166666865348816, 0.0, 1.0, 0.8333333134651184, 1.0, 0.9166666865348816, 0.0, 1.0, 0.0833333358168602, 1.0, 0.0, 0.0, 1.0, 1.0, 0.9166666865348816, 0.0, 0.0, 0.0833333358168602, 1.0, 0.0833333358168602, 0.8333333134651184, 1.0, 1.0, 1.0, 0.0833333358168602, 0.0833333358168602, 0.0, 1.0, 1.0, 0.0, 1.0, 1.0, 0.9166666865348816, 0.0, 1.0, 1.0, 1.0, 1.0, 0.0, 1.0, 1.0, 0.75, 0.0, 0.9166666865348816, 1.0, 0.9166666865348816, 0.0, 1.0, 1.0, 1.0, 1.0, 1.0, 0.0833333358168602, 0.0, 1.0, 1.0, 1.0, 0.9166666865348816, 0.0833333358168602, 1.0, 1.0, 1.0, 0.0, 1.0, 1.0, 1.0, 1.0, 1.0, 1.0, 1.0, 1.0, 0.8333333134651184, 1.0, 1.0, 1.0, 1.0, 1.0, 1.0, 1.0, 0.0, 1.0, 1.0, 1.0, 0.9166666865348816, 1.0, 0.0833333358168602, 0.0833333358168602, 0.1666666716337204, 0.0, 0.9166666865348816, 1.0, 0.1666666716337204, 1.0, 0.0, 1.0, 0.9166666865348816, 0.1666666716337204, 0.9166666865348816, 0.0, 0.0833333358168602]","[0.9692671298980713, 0.9536643028259277, 0.9635933637619019, 0.9716312289237976, 0.9739952683448792, 0.9673758745193481, 0.9598108530044556, 0.972104012966156, 0.9579195976257324, 0.9749408960342407, 0.9673758745193481, 0.9687943458557129, 0.9744681119918823, 0.9659574627876282, 0.972104012966156, 0.964066207408905, 0.9650118350982666, 0.9607564806938171, 0.9716312289237976, 0.9536643028259277, 0.972104012966156, 0.9673758745193481, 0.9739952683448792, 0.9659574627876282, 0.949409008026123, 0.970685601234436, 0.9626477360725403, 0.9739952683448792, 0.9687943458557129, 0.9569739699363708, 0.9711583852767944, 0.9583924412727356, 0.9744681119918823, 0.9659574627876282, 0.9659574627876282, 0.9697399735450745, 0.9716312289237976, 0.9730496406555176, 0.9687943458557129, 0.9730496406555176, 0.9635933637619019, 0.9735224843025208, 0.9683215022087097, 0.9773049354553223, 0.972104012966156, 0.9664302468299866, 0.9607564806938171, 0.957446813583374, 0.964066207408905, 0.9716312289237976, 0.9725768566131592, 0.970685601234436, 0.9617021083831787, 0.9645389914512634, 0.9782505631446838, 0.964066207408905, 0.9650118350982666, 0.9711583852767944, 0.9513002634048462, 0.9683215022087097, 0.9692671298980713, 0.9735224843025208, 0.957446813583374, 0.970685601234436, 0.9669030904769897, 0.965484619140625, 0.9635933637619019, 0.964066207408905, 0.9716312289237976, 0.9697399735450745, 0.9697399735450745, 0.9631205797195435, 0.9725768566131592, 0.9631205797195435, 0.9711583852767944, 0.9527186751365662, 0.9664302468299866, 0.9612293243408203, 0.9692671298980713, 0.9550827145576477, 0.965484619140625, 0.972104012966156, 0.972104012966156, 0.9754137396812439, 0.9607564806938171, 0.9607564806938171, 0.9631205797195435, 0.9560283422470093, 0.9565011858940125, 0.9645389914512634, 0.9692671298980713, 0.950827419757843, 0.965484619140625, 0.949409008026123, 0.9739952683448792, 0.972104012966156, 0.965484619140625, 0.9730496406555176, 0.9711583852767944, 0.9650118350982666]",0.68666672706604,0.9664444923400879,0.975845456123352,0.975845456123352,0.04301075264811516,0.9607412815093994,0.968321513002364,0.21085619926452637
53,100,100,0,28,72,"[0.0, 0.0, 0.0, 0.0, 0.0, 0.0, 0.0, 0.0, 0.0, 0.0, 0.0, 0.0, 0.0, 0.0, 0.0, 0.0, 0.0, 0.0, 0.0, 0.0, 0.0, 0.0, 0.0, 0.0, 0.0, 0.0, 0.0, 0.0, 0.0, 0.0, 0.0, 0.0, 0.0, 0.0, 0.0, 0.0, 0.0, 0.0, 0.0, 0.0, 0.0, 0.0, 0.0, 0.0, 0.0, 0.0, 0.0, 0.0, 0.0, 0.0, 0.0, 0.0, 0.0, 0.0, 0.0, 0.0, 0.0, 0.0, 0.0, 0.0, 0.0, 0.0, 0.0, 0.0, 0.0, 0.0, 0.0, 0.0, 0.0, 0.0, 0.0, 0.0, 0.0, 0.0, 0.0, 0.0, 0.0, 0.0, 0.0, 0.0, 0.0, 0.0, 0.0, 0.0, 0.0, 0.0, 0.0, 0.0, 0.0, 0.0, 0.0, 0.0, 0.0, 0.0, 0.0, 0.0, 0.0, 0.0, 0.0, 0.0]","[0.7601970434188843, 0.6216292381286621, 0.7577950954437256, 0.7499183416366577, 0.6386826038360596, 0.63027423620224, 0.6209744811058044, 0.6368157863616943, 0.7687413692474365, 0.6197142601013184, 0.643337607383728, 0.6132711172103882, 0.7434197068214417, 0.6138143539428711, 0.6193745732307434, 0.7603008151054382, 0.6367526650428772, 0.6081410646438599, 0.7691236734390259, 0.6072715520858765, 0.6511846780776978, 0.6292847394943237, 0.7794328927993774, 0.6371078491210938, 0.6171424388885498, 0.7726868391036987, 0.6237658262252808, 0.6189994812011719, 0.7831330299377441, 0.5892561674118042, 0.6343170404434204, 0.6396418809890747, 0.6117854714393616, 0.590230405330658, 0.5864318609237671, 0.6116994619369507, 0.6323098540306091, 0.6216298341751099, 0.7936745285987854, 0.6346379518508911, 0.6278036832809448, 0.6577258706092834, 0.7706608176231384, 0.6359972953796387, 0.6539565324783325, 0.7512996196746826, 0.6363887786865234, 0.7701284885406494, 0.6048270463943481, 0.760086178779602, 0.6045283079147339, 0.6386165618896484, 0.6015589237213135, 0.620104968547821, 0.6236541867256165, 0.6415442824363708, 0.7507866621017456, 0.6313934326171875, 0.6415392756462097, 0.7507861852645874, 0.6345058679580688, 0.7314116954803467, 0.7716410160064697, 0.6159738302230835, 0.6497601270675659, 0.7769156694412231, 0.651825487613678, 0.6183007955551147, 0.6233937740325928, 0.6188334822654724, 0.6142273545265198, 0.7920883297920227, 0.6063138842582703, 0.6038352251052856, 0.607298731803894, 0.7475722432136536, 0.6493483781814575, 0.6370821595191956, 0.7702867388725281, 0.6237791180610657, 0.5979679822921753, 0.6378928422927856, 0.6094592213630676, 0.6232930421829224, 0.6521228551864624, 0.7717723846435547, 0.7521295547485352, 0.6482487916946411, 0.61778324842453, 0.7378804683685303, 0.6435975432395935, 0.6068617105484009, 0.6373252868652344, 0.6422808170318604, 0.6218931674957275, 0.5992434024810791, 0.7984113693237305, 0.612827718257904, 0.772472620010376, 0.6139671802520752]",0,set(),"[0.0833333358168602, 1.0, 0.0, 0.0, 0.9166666865348816, 1.0, 1.0, 1.0, 0.0833333358168602, 0.8333333134651184, 1.0, 1.0, 0.0, 1.0, 1.0, 0.1666666716337204, 1.0, 1.0, 0.0, 1.0, 1.0, 1.0, 0.0, 1.0, 1.0, 0.0, 1.0, 1.0, 0.1666666716337204, 1.0, 1.0, 1.0, 0.9166666865348816, 1.0, 1.0, 1.0, 1.0, 0.9166666865348816, 0.0, 0.9166666865348816, 1.0, 0.9166666865348816, 0.0833333358168602, 1.0, 1.0, 0.0, 0.8333333134651184, 0.1666666716337204, 1.0, 0.0, 1.0, 1.0, 1.0, 1.0, 1.0, 1.0, 0.0833333358168602, 1.0, 1.0, 0.1666666716337204, 1.0, 0.0833333358168602, 0.0833333358168602, 1.0, 0.9166666865348816, 0.0, 1.0, 1.0, 1.0, 1.0, 0.9166666865348816, 0.0, 1.0, 0.9166666865348816, 1.0, 0.0, 1.0, 1.0, 0.0, 1.0, 0.9166666865348816, 1.0, 1.0, 1.0, 1.0, 0.0833333358168602, 0.1666666716337204, 0.9166666865348816, 0.9166666865348816, 0.0833333358168602, 1.0, 1.0, 0.9166666865348816, 0.9166666865348816, 0.9166666865348816, 1.0, 0.0, 1.0, 0.25, 1.0]","[0.9583924412727356, 0.9735224843025208, 0.9673758745193481, 0.9546099305152893, 0.978723406791687, 0.9735224843025208, 0.9716312289237976, 0.9716312289237976, 0.9678487181663513, 0.9711583852767944, 0.9758865237236023, 0.972104012966156, 0.9560283422470093, 0.9716312289237976, 0.9725768566131592, 0.9678487181663513, 0.9735224843025208, 0.9635933637619019, 0.9583924412727356, 0.9673758745193481, 0.972104012966156, 0.9711583852767944, 0.9683215022087097, 0.972104012966156, 0.9683215022087097, 0.9678487181663513, 0.9673758745193481, 0.9673758745193481, 0.965484619140625, 0.964066207408905, 0.9730496406555176, 0.9749408960342407, 0.9683215022087097, 0.9612293243408203, 0.9541370868682861, 0.9687943458557129, 0.9730496406555176, 0.9673758745193481, 0.9739952683448792, 0.9763593673706055, 0.970685601234436, 0.9810874462127686, 0.972104012966156, 0.9744681119918823, 0.9749408960342407, 0.9621749520301819, 0.970685601234436, 0.9664302468299866, 0.9664302468299866, 0.970685601234436, 0.9635933637619019, 0.9725768566131592, 0.9607564806938171, 0.9673758745193481, 0.9735224843025208, 0.9716312289237976, 0.9536643028259277, 0.9739952683448792, 0.9749408960342407, 0.9531915187835693, 0.9730496406555176, 0.9536643028259277, 0.965484619140625, 0.9692671298980713, 0.9749408960342407, 0.9711583852767944, 0.980141818523407, 0.9692671298980713, 0.9730496406555176, 0.970685601234436, 0.9664302468299866, 0.972104012966156, 0.9612293243408203, 0.9702127575874329, 0.9702127575874329, 0.9550827145576477, 0.9758865237236023, 0.9749408960342407, 0.9683215022087097, 0.9669030904769897, 0.9617021083831787, 0.9758865237236023, 0.9635933637619019, 0.9687943458557129, 0.980141818523407, 0.9711583852767944, 0.9536643028259277, 0.9763593673706055, 0.9687943458557129, 0.9569739699363708, 0.9739952683448792, 0.9650118350982666, 0.9735224843025208, 0.9730496406555176, 0.9683215022087097, 0.9598108530044556, 0.9744681119918823, 0.9711583852767944, 0.9631205797195435, 0.9702127575874329]",0.7225000262260437,0.9686950445175171,0.9791666865348816,0.9791666865348816,0.0625,0.9639142751693726,0.9711583924349881,0.21417951583862305
54,100,100,0,36,64,"[0.0, 0.0, 0.0, 0.0, 0.0, 0.0, 0.0, 0.0, 0.0, 0.0, 0.0, 0.0, 0.0, 0.0, 0.0, 0.0, 0.0, 0.0, 0.0, 0.0, 0.0, 0.0, 0.0, 0.0, 0.0, 0.0, 0.0, 0.0, 0.0, 0.0, 0.0, 0.0, 0.0, 0.0, 0.0, 0.0, 0.0, 0.0, 0.0, 0.0, 0.0, 0.0, 0.0, 0.0, 0.0, 0.0, 0.0, 0.0, 0.0, 0.0, 0.0, 0.0, 0.0, 0.0, 0.0, 0.0, 0.0, 0.0, 0.0, 0.0, 0.0, 0.0, 0.0, 0.0, 0.0, 0.0, 0.0, 0.0, 0.0, 0.0, 0.0, 0.0, 0.0, 0.0, 0.0, 0.0, 0.0, 0.0, 0.0, 0.0, 0.0, 0.0, 0.0, 0.0, 0.0, 0.0, 0.0, 0.0, 0.0, 0.0, 0.0, 0.0, 0.0, 0.0, 0.0, 0.0, 0.0, 0.0, 0.0, 0.0]","[0.6470007300376892, 0.6262452602386475, 0.5824045538902283, 0.6141127347946167, 0.6367160081863403, 0.7343809008598328, 0.7489961385726929, 0.6330552101135254, 0.763007402420044, 0.781848669052124, 0.6426617503166199, 0.6182417869567871, 0.6201595664024353, 0.7597016096115112, 0.7863368391990662, 0.6398749351501465, 0.6155164241790771, 0.6120758056640625, 0.6118346452713013, 0.7818107604980469, 0.6198067665100098, 0.6376648545265198, 0.753339409828186, 0.8094676733016968, 0.651034951210022, 0.60526442527771, 0.5947182178497314, 0.6242345571517944, 0.6353505849838257, 0.7835060954093933, 0.6004430055618286, 0.6371235847473145, 0.7957018613815308, 0.7750900983810425, 0.6247227191925049, 0.7715659141540527, 0.6544772982597351, 0.6397905349731445, 0.7935135364532471, 0.6298815011978149, 0.6350021362304688, 0.6135367155075073, 0.6306265592575073, 0.6417982578277588, 0.6246922612190247, 0.6131007671356201, 0.6368498802185059, 0.5964374542236328, 0.5948344469070435, 0.5988980531692505, 0.6045572757720947, 0.6504203081130981, 0.7453787922859192, 0.7617204189300537, 0.7569645643234253, 0.7694879770278931, 0.6246617436408997, 0.7477579116821289, 0.6295483708381653, 0.7678453922271729, 0.5890766382217407, 0.6249812841415405, 0.6005882024765015, 0.6091717481613159, 0.7815626859664917, 0.6275384426116943, 0.7478240728378296, 0.7916927933692932, 0.6149967908859253, 0.5979048013687134, 0.76964271068573, 0.6269246935844421, 0.6156787872314453, 0.7777763605117798, 0.7866579294204712, 0.7701437473297119, 0.5994101166725159, 0.6097986698150635, 0.6242563724517822, 0.7882596850395203, 0.6297070980072021, 0.7797632217407227, 0.6467729210853577, 0.775720477104187, 0.74600750207901, 0.632638156414032, 0.7939690947532654, 0.6228893995285034, 0.6420699954032898, 0.6202559471130371, 0.7477576732635498, 0.7651780843734741, 0.6358621120452881, 0.635217547416687, 0.6086767911911011, 0.6328772306442261, 0.7680389881134033, 0.6477898359298706, 0.7539593577384949, 0.5993981957435608]",0,set(),"[0.9166666865348816, 1.0, 1.0, 1.0, 1.0, 0.0833333358168602, 0.0, 1.0, 0.0833333358168602, 0.0, 1.0, 1.0, 0.9166666865348816, 0.0, 0.0833333358168602, 0.9166666865348816, 1.0, 1.0, 0.9166666865348816, 0.0, 1.0, 0.9166666865348816, 0.0, 0.0, 1.0, 1.0, 1.0, 0.9166666865348816, 1.0, 0.0, 1.0, 0.9166666865348816, 0.0833333358168602, 0.0, 1.0, 0.0, 0.9166666865348816, 0.9166666865348816, 0.0, 1.0, 0.9166666865348816, 1.0, 1.0, 1.0, 1.0, 1.0, 1.0, 1.0, 1.0, 1.0, 1.0, 1.0, 0.25, 0.0, 0.0, 0.0, 1.0, 0.0833333358168602, 1.0, 0.0, 1.0, 0.9166666865348816, 0.9166666865348816, 1.0, 0.0, 0.9166666865348816, 0.0, 0.0, 1.0, 1.0, 0.0, 1.0, 1.0, 0.0, 0.0, 0.0, 0.9166666865348816, 1.0, 1.0, 0.0833333358168602, 1.0, 0.0, 0.9166666865348816, 0.1666666716337204, 0.0833333358168602, 1.0, 0.0, 1.0, 1.0, 1.0, 0.0833333358168602, 0.0833333358168602, 1.0, 1.0, 1.0, 0.9166666865348816, 0.0, 0.9166666865348816, 0.1666666716337204, 1.0]","[0.9749408960342407, 0.9744681119918823, 0.9631205797195435, 0.970685601234436, 0.9749408960342407, 0.9579195976257324, 0.9631205797195435, 0.9739952683448792, 0.9664302468299866, 0.972104012966156, 0.9791961908340454, 0.9702127575874329, 0.9711583852767944, 0.9692671298980713, 0.9711583852767944, 0.9773049354553223, 0.9697399735450745, 0.9716312289237976, 0.9730496406555176, 0.9697399735450745, 0.9744681119918823, 0.9744681119918823, 0.9635933637619019, 0.978723406791687, 0.9782505631446838, 0.9716312289237976, 0.9669030904769897, 0.972104012966156, 0.970685601234436, 0.972104012966156, 0.9631205797195435, 0.9791961908340454, 0.9697399735450745, 0.9730496406555176, 0.9702127575874329, 0.970685601234436, 0.9810874462127686, 0.9744681119918823, 0.9692671298980713, 0.9758865237236023, 0.9749408960342407, 0.972104012966156, 0.9725768566131592, 0.9768321514129639, 0.9711583852767944, 0.972104012966156, 0.9749408960342407, 0.9683215022087097, 0.9687943458557129, 0.9664302468299866, 0.9716312289237976, 0.9773049354553223, 0.9546099305152893, 0.958865225315094, 0.965484619140625, 0.9692671298980713, 0.9744681119918823, 0.9659574627876282, 0.9744681119918823, 0.9645389914512634, 0.9678487181663513, 0.9744681119918823, 0.9716312289237976, 0.9673758745193481, 0.972104012966156, 0.9754137396812439, 0.9635933637619019, 0.970685601234436, 0.9716312289237976, 0.9687943458557129, 0.9626477360725403, 0.9739952683448792, 0.9650118350982666, 0.9711583852767944, 0.9697399735450745, 0.9650118350982666, 0.9711583852767944, 0.9673758745193481, 0.9725768566131592, 0.9697399735450745, 0.9744681119918823, 0.9716312289237976, 0.9782505631446838, 0.9673758745193481, 0.9536643028259277, 0.9702127575874329, 0.9716312289237976, 0.9683215022087097, 0.9754137396812439, 0.9725768566131592, 0.9697399735450745, 0.9607564806938171, 0.9754137396812439, 0.9758865237236023, 0.9692671298980713, 0.9791961908340454, 0.9669030904769897, 0.9768321514129639, 0.9602836966514587, 0.9645389914512634]",0.6391667127609253,0.9705294966697693,0.9778645634651184,0.9778645634651184,0.03703703731298447,0.9670081734657288,0.9716312056737588,0.11275196075439453
55,100,100,0,39,61,"[0.0, 0.0, 0.0, 0.0, 0.0, 0.0, 0.0, 0.0, 0.0, 0.0, 0.0, 0.0, 0.0, 0.0, 0.0, 0.0, 0.0, 0.0, 0.0, 0.0, 0.0, 0.0, 0.0, 0.0, 0.0, 0.0, 0.0, 0.0, 0.0, 0.0, 0.0, 0.0, 0.0, 0.0, 0.0, 0.0, 0.0, 0.0, 0.0, 0.0, 0.0, 0.0, 0.0, 0.0, 0.0, 0.0, 0.0, 0.0, 0.0, 0.0, 0.0, 0.0, 0.0, 0.0, 0.0, 0.0, 0.0, 0.0, 0.0, 0.0, 0.0, 0.0, 0.0, 0.0, 0.0, 0.0, 0.0, 0.0, 0.0, 0.0, 0.0, 0.0, 0.0, 0.0, 0.0, 0.0, 0.0, 0.0, 0.0, 0.0, 0.0, 0.0, 0.0, 0.0, 0.0, 0.0, 0.0, 0.0, 0.0, 0.0, 0.0, 0.0, 0.0, 0.0, 0.0, 0.0, 0.0, 0.0, 0.0, 0.0]","[0.7694194316864014, 0.7859542369842529, 0.6253571510314941, 0.5976601839065552, 0.6170953512191772, 0.630549430847168, 0.6283951997756958, 0.8032523393630981, 0.6209288835525513, 0.740412712097168, 0.7928847074508667, 0.7465020418167114, 0.7630797028541565, 0.7528112530708313, 0.7498640418052673, 0.7660928964614868, 0.6105796098709106, 0.6218379735946655, 0.6462036371231079, 0.7749216556549072, 0.6340765953063965, 0.7480443716049194, 0.6399528980255127, 0.7536436319351196, 0.6348690390586853, 0.5870538949966431, 0.7779086828231812, 0.7899254560470581, 0.6107451915740967, 0.6058174967765808, 0.6258641481399536, 0.7729765772819519, 0.7888950705528259, 0.6153290271759033, 0.7525054812431335, 0.603590726852417, 0.6161946654319763, 0.7902485132217407, 0.6465038061141968, 0.6100509166717529, 0.7624366283416748, 0.6156027317047119, 0.6378517746925354, 0.7823241949081421, 0.6040230989456177, 0.7958633303642273, 0.6002201437950134, 0.6109446287155151, 0.6221867799758911, 0.6326771974563599, 0.7588933706283569, 0.5992121696472168, 0.6273290514945984, 0.6302831172943115, 0.7526388168334961, 0.620212197303772, 0.6199212670326233, 0.6175559759140015, 0.7954934239387512, 0.7936212420463562, 0.6366395950317383, 0.7960126399993896, 0.6488091349601746, 0.6259822845458984, 0.6236770153045654, 0.5993126630783081, 0.6061193943023682, 0.5998362302780151, 0.8120981454849243, 0.6199495792388916, 0.7845722436904907, 0.6341961622238159, 0.6120051145553589, 0.7808129787445068, 0.753844141960144, 0.7430852651596069, 0.6496493816375732, 0.6391019821166992, 0.6386054754257202, 0.7721480131149292, 0.7809169888496399, 0.6369689702987671, 0.7396400570869446, 0.6472656726837158, 0.6031859517097473, 0.622652530670166, 0.6040582656860352, 0.6234766244888306, 0.6144964694976807, 0.6129298210144043, 0.6283878087997437, 0.7576829195022583, 0.7660461664199829, 0.6024273633956909, 0.6122932434082031, 0.6216107606887817, 0.7810804843902588, 0.636073648929596, 0.7773071527481079, 0.6414729952812195]",0,set(),"[0.0, 0.0, 0.9166666865348816, 1.0, 0.9166666865348816, 1.0, 1.0, 0.0, 1.0, 0.0833333358168602, 0.0, 0.25, 0.1666666716337204, 0.0, 0.0, 0.0, 0.9166666865348816, 1.0, 1.0, 0.0833333358168602, 1.0, 0.0833333358168602, 1.0, 0.25, 1.0, 1.0, 0.0, 0.0, 1.0, 1.0, 1.0, 0.0, 0.0, 1.0, 0.0833333358168602, 1.0, 1.0, 0.0, 1.0, 1.0, 0.0833333358168602, 1.0, 0.9166666865348816, 0.0, 1.0, 0.0, 1.0, 1.0, 1.0, 1.0, 0.0833333358168602, 1.0, 1.0, 0.9166666865348816, 0.0833333358168602, 1.0, 1.0, 1.0, 0.0, 0.0, 0.9166666865348816, 0.0, 1.0, 0.9166666865348816, 1.0, 0.9166666865348816, 1.0, 0.9166666865348816, 0.0, 1.0, 0.0833333358168602, 1.0, 1.0, 0.0, 0.1666666716337204, 0.0833333358168602, 1.0, 0.9166666865348816, 1.0, 0.0833333358168602, 0.0, 1.0, 0.1666666716337204, 0.8333333134651184, 0.9166666865348816, 1.0, 1.0, 0.9166666865348816, 1.0, 1.0, 0.9166666865348816, 0.0, 0.0833333358168602, 1.0, 0.9166666865348816, 1.0, 0.0, 0.9166666865348816, 0.0, 1.0]","[0.9716312289237976, 0.9735224843025208, 0.9744681119918823, 0.9735224843025208, 0.9725768566131592, 0.9744681119918823, 0.9730496406555176, 0.9697399735450745, 0.9758865237236023, 0.9621749520301819, 0.9730496406555176, 0.9579195976257324, 0.9754137396812439, 0.9626477360725403, 0.9602836966514587, 0.9697399735450745, 0.9735224843025208, 0.9744681119918823, 0.9754137396812439, 0.9730496406555176, 0.9768321514129639, 0.9598108530044556, 0.9754137396812439, 0.9635933637619019, 0.9768321514129639, 0.9716312289237976, 0.972104012966156, 0.9669030904769897, 0.9711583852767944, 0.9692671298980713, 0.972104012966156, 0.9650118350982666, 0.9692671298980713, 0.9716312289237976, 0.958865225315094, 0.9697399735450745, 0.972104012966156, 0.9749408960342407, 0.9763593673706055, 0.9678487181663513, 0.9593380689620972, 0.970685601234436, 0.9796690344810486, 0.9716312289237976, 0.9739952683448792, 0.9735224843025208, 0.9697399735450745, 0.9711583852767944, 0.9711583852767944, 0.9763593673706055, 0.9702127575874329, 0.9659574627876282, 0.970685601234436, 0.9773049354553223, 0.9621749520301819, 0.9754137396812439, 0.9730496406555176, 0.9716312289237976, 0.9735224843025208, 0.9730496406555176, 0.9810874462127686, 0.9754137396812439, 0.9806146621704102, 0.9773049354553223, 0.9777777791023254, 0.972104012966156, 0.970685601234436, 0.9692671298980713, 0.9744681119918823, 0.9768321514129639, 0.9711583852767944, 0.9744681119918823, 0.9744681119918823, 0.9716312289237976, 0.9583924412727356, 0.9579195976257324, 0.9810874462127686, 0.9791961908340454, 0.9739952683448792, 0.9697399735450745, 0.9711583852767944, 0.9763593673706055, 0.957446813583374, 0.9739952683448792, 0.9739952683448792, 0.9744681119918823, 0.9687943458557129, 0.9763593673706055, 0.972104012966156, 0.9716312289237976, 0.9763593673706055, 0.9673758745193481, 0.9673758745193481, 0.9711583852767944, 0.972104012966156, 0.9754137396812439, 0.9692671298980713, 0.9749408960342407, 0.9697399735450745, 0.978723406791687]",0.6150000095367432,0.9715461134910583,0.9767760038375854,0.9767760038375854,0.049145299941301346,0.9678002595901489,0.9725768321513002,0.21203923225402832
56,100,100,0,27,73,"[0.0, 0.0, 0.0, 0.0, 0.0, 0.0, 0.0, 0.0, 0.0, 0.0, 0.0, 0.0, 0.0, 0.0, 0.0, 0.0, 0.0, 0.0, 0.0, 0.0, 0.0, 0.0, 0.0, 0.0, 0.0, 0.0, 0.0, 0.0, 0.0, 0.0, 0.0, 0.0, 0.0, 0.0, 0.0, 0.0, 0.0, 0.0, 0.0, 0.0, 0.0, 0.0, 0.0, 0.0, 0.0, 0.0, 0.0, 0.0, 0.0, 0.0, 0.0, 0.0, 0.0, 0.0, 0.0, 0.0, 0.0, 0.0, 0.0, 0.0, 0.0, 0.0, 0.0, 0.0, 0.0, 0.0, 0.0, 0.0, 0.0, 0.0, 0.0, 0.0, 0.0, 0.0, 0.0, 0.0, 0.0, 0.0, 0.0, 0.0, 0.0, 0.0, 0.0, 0.0, 0.0, 0.0, 0.0, 0.0, 0.0, 0.0, 0.0, 0.0, 0.0, 0.0, 0.0, 0.0, 0.0, 0.0, 0.0, 0.0]","[0.6370627880096436, 0.6190007925033569, 0.6029438972473145, 0.6290543079376221, 0.6406335830688477, 0.7601724863052368, 0.5797082781791687, 0.6408597826957703, 0.7792569994926453, 0.7991983890533447, 0.6227290630340576, 0.6393671631813049, 0.7908847332000732, 0.7671416997909546, 0.6410477161407471, 0.7702689170837402, 0.6070103645324707, 0.7741888761520386, 0.6076279878616333, 0.6266121864318848, 0.7776483297348022, 0.6073026657104492, 0.6378375887870789, 0.6118665933609009, 0.6217173337936401, 0.7587060928344727, 0.6228011846542358, 0.624147891998291, 0.771973192691803, 0.6133202314376831, 0.6221672296524048, 0.6221469640731812, 0.5819464921951294, 0.7604373693466187, 0.6121666431427002, 0.5809746384620667, 0.6310632228851318, 0.6218187808990479, 0.6269552707672119, 0.6311885118484497, 0.6027433276176453, 0.7532540559768677, 0.6512627601623535, 0.6198861598968506, 0.6449223160743713, 0.6090530157089233, 0.6212218999862671, 0.7773969173431396, 0.6170390248298645, 0.6155312061309814, 0.6019942760467529, 0.6175704002380371, 0.6358269453048706, 0.6338979005813599, 0.6388392448425293, 0.6389468908309937, 0.7969049215316772, 0.7934540510177612, 0.6277446746826172, 0.6324758529663086, 0.6256536245346069, 0.6197497844696045, 0.759547770023346, 0.6180185675621033, 0.7914139628410339, 0.7819916009902954, 0.7666571140289307, 0.7950327396392822, 0.6147490739822388, 0.6403716206550598, 0.6460861563682556, 0.734481930732727, 0.6097568273544312, 0.6044454574584961, 0.6277927160263062, 0.6086167097091675, 0.6117922067642212, 0.6078730821609497, 0.6035246849060059, 0.6477054953575134, 0.6274322271347046, 0.6510065793991089, 0.6112935543060303, 0.5880820751190186, 0.7631412744522095, 0.6245795488357544, 0.757079005241394, 0.6144360303878784, 0.6199439167976379, 0.6013506650924683, 0.755219578742981, 0.7610088586807251, 0.602277398109436, 0.8024904727935791, 0.6282310485839844, 0.6129768490791321, 0.7861988544464111, 0.6318296194076538, 0.6034340858459473, 0.6131229996681213]",0,set(),"[0.9166666865348816, 1.0, 1.0, 1.0, 1.0, 0.1666666716337204, 1.0, 0.9166666865348816, 0.0, 0.0, 1.0, 1.0, 0.0, 0.0, 0.9166666865348816, 0.0, 1.0, 0.0, 1.0, 1.0, 0.0, 1.0, 1.0, 1.0, 1.0, 0.0, 0.9166666865348816, 1.0, 0.0, 0.8333333134651184, 0.9166666865348816, 1.0, 1.0, 0.0833333358168602, 1.0, 0.9166666865348816, 0.75, 1.0, 1.0, 1.0, 1.0, 0.0833333358168602, 1.0, 1.0, 0.9166666865348816, 1.0, 1.0, 0.0, 0.9166666865348816, 0.9166666865348816, 1.0, 0.9166666865348816, 0.8333333134651184, 1.0, 1.0, 0.9166666865348816, 0.0, 0.0, 0.8333333134651184, 0.8333333134651184, 1.0, 1.0, 0.0, 1.0, 0.0, 0.0, 0.0, 0.0, 1.0, 1.0, 0.9166666865348816, 0.0833333358168602, 1.0, 1.0, 1.0, 1.0, 1.0, 1.0, 1.0, 1.0, 0.9166666865348816, 1.0, 1.0, 1.0, 0.0, 0.9166666865348816, 0.0, 1.0, 1.0, 1.0, 0.1666666716337204, 0.0833333358168602, 1.0, 0.0833333358168602, 1.0, 1.0, 0.0, 1.0, 1.0, 1.0]","[0.9810874462127686, 0.9777777791023254, 0.9744681119918823, 0.9749408960342407, 0.9796690344810486, 0.9650118350982666, 0.9664302468299866, 0.9806146621704102, 0.9716312289237976, 0.9777777791023254, 0.978723406791687, 0.9754137396812439, 0.9773049354553223, 0.9711583852767944, 0.9754137396812439, 0.9687943458557129, 0.9626477360725403, 0.9659574627876282, 0.9687943458557129, 0.9749408960342407, 0.9711583852767944, 0.9730496406555176, 0.9815602898597717, 0.9702127575874329, 0.9744681119918823, 0.9683215022087097, 0.9768321514129639, 0.9763593673706055, 0.972104012966156, 0.9744681119918823, 0.9758865237236023, 0.9744681119918823, 0.9702127575874329, 0.9612293243408203, 0.9744681119918823, 0.972104012966156, 0.9782505631446838, 0.9763593673706055, 0.9773049354553223, 0.9744681119918823, 0.9725768566131592, 0.9697399735450745, 0.9810874462127686, 0.972104012966156, 0.9806146621704102, 0.9683215022087097, 0.9739952683448792, 0.9768321514129639, 0.9768321514129639, 0.9749408960342407, 0.9659574627876282, 0.978723406791687, 0.9782505631446838, 0.9768321514129639, 0.9791961908340454, 0.9763593673706055, 0.9758865237236023, 0.9697399735450745, 0.9744681119918823, 0.978723406791687, 0.970685601234436, 0.9735224843025208, 0.972104012966156, 0.9683215022087097, 0.9702127575874329, 0.972104012966156, 0.9669030904769897, 0.9725768566131592, 0.9758865237236023, 0.9796690344810486, 0.980141818523407, 0.958865225315094, 0.9730496406555176, 0.972104012966156, 0.9806146621704102, 0.9744681119918823, 0.9758865237236023, 0.9754137396812439, 0.9716312289237976, 0.9810874462127686, 0.9744681119918823, 0.9768321514129639, 0.9678487181663513, 0.972104012966156, 0.9725768566131592, 0.9768321514129639, 0.9683215022087097, 0.9711583852767944, 0.9758865237236023, 0.9730496406555176, 0.970685601234436, 0.9621749520301819, 0.9635933637619019, 0.9749408960342407, 0.9758865237236023, 0.9716312289237976, 0.9744681119918823, 0.9768321514129639, 0.9730496406555176, 0.9730496406555176]",0.7166666388511658,0.9735366106033325,0.9714612364768982,0.9714612364768982,0.02777777798473835,0.9703177809715271,0.9735224586288416,0.21184706687927246
57,100,100,0,28,72,"[0.0, 0.0, 0.0, 0.0, 0.0, 0.0, 0.0, 0.0, 0.0, 0.0, 0.0, 0.0, 0.0, 0.0, 0.0, 0.0, 0.0, 0.0, 0.0, 0.0, 0.0, 0.0, 0.0, 0.0, 0.0, 0.0, 0.0, 0.0, 0.0, 0.0, 0.0, 0.0, 0.0, 0.0, 0.0, 0.0, 0.0, 0.0, 0.0, 0.0, 0.0, 0.0, 0.0, 0.0, 0.0, 0.0, 0.0, 0.0, 0.0, 0.0, 0.0, 0.0, 0.0, 0.0, 0.0, 0.0, 0.0, 0.0, 0.0, 0.0, 0.0, 0.0, 0.0, 0.0, 0.0, 0.0, 0.0, 0.0, 0.0, 0.0, 0.0, 0.0, 0.0, 0.0, 0.0, 0.0, 0.0, 0.0, 0.0, 0.0, 0.0, 0.0, 0.0, 0.0, 0.0, 0.0, 0.0, 0.0, 0.0, 0.0, 0.0, 0.0, 0.0, 0.0, 0.0, 0.0, 0.0, 0.0, 0.0, 0.0]","[0.6260466575622559, 0.7486170530319214, 0.5841085314750671, 0.8179354071617126, 0.7468858361244202, 0.6043393611907959, 0.627894401550293, 0.6160591840744019, 0.7989385724067688, 0.7760845422744751, 0.5819146633148193, 0.6292791962623596, 0.6259288191795349, 0.6361469030380249, 0.6320264935493469, 0.6071505546569824, 0.6328510046005249, 0.5947462320327759, 0.778441309928894, 0.6011858582496643, 0.7631298303604126, 0.5909726023674011, 0.6247672438621521, 0.609616756439209, 0.5829895734786987, 0.6364193558692932, 0.6257961988449097, 0.629510760307312, 0.7643191814422607, 0.6345335841178894, 0.6060417294502258, 0.6238676309585571, 0.5964592099189758, 0.7691752910614014, 0.5897810459136963, 0.7597465515136719, 0.7739142179489136, 0.7615494728088379, 0.615955650806427, 0.5981054306030273, 0.6515043377876282, 0.631838321685791, 0.7583224177360535, 0.7525695562362671, 0.6048972606658936, 0.6293456554412842, 0.618346631526947, 0.6156947612762451, 0.6132584810256958, 0.5888439416885376, 0.6099597215652466, 0.6306533813476562, 0.7885984778404236, 0.6332017183303833, 0.6254141330718994, 0.7712051868438721, 0.7820287942886353, 0.6170303821563721, 0.6358922719955444, 0.597089409828186, 0.626587986946106, 0.6118074655532837, 0.7752447724342346, 0.6437652111053467, 0.6414321064949036, 0.7984994649887085, 0.6062920689582825, 0.7531386613845825, 0.6150672435760498, 0.6374809741973877, 0.6362823247909546, 0.6366739273071289, 0.812157154083252, 0.6220598220825195, 0.7583043575286865, 0.6195681691169739, 0.7861907482147217, 0.6330992579460144, 0.6266876459121704, 0.6335586309432983, 0.6256191730499268, 0.6264473795890808, 0.6089169979095459, 0.6471053957939148, 0.8081117868423462, 0.752921998500824, 0.6230860948562622, 0.6081516146659851, 0.6290198564529419, 0.6337400674819946, 0.607043981552124, 0.8078160285949707, 0.7564740180969238, 0.7848988771438599, 0.6354241967201233, 0.6189567446708679, 0.6173113584518433, 0.5803524255752563, 0.631650447845459, 0.5808218717575073]",0,set(),"[1.0, 0.0, 1.0, 0.0, 0.0833333358168602, 1.0, 0.9166666865348816, 1.0, 0.0, 0.0, 1.0, 0.9166666865348816, 1.0, 1.0, 0.9166666865348816, 1.0, 1.0, 1.0, 0.0, 0.9166666865348816, 0.0833333358168602, 1.0, 1.0, 1.0, 1.0, 0.9166666865348816, 1.0, 0.9166666865348816, 0.0833333358168602, 1.0, 1.0, 1.0, 1.0, 0.0, 1.0, 0.0, 0.0, 0.0, 1.0, 1.0, 0.9166666865348816, 1.0, 0.0, 0.0, 1.0, 1.0, 0.9166666865348816, 1.0, 1.0, 1.0, 1.0, 1.0, 0.0833333358168602, 1.0, 1.0, 0.0833333358168602, 0.0833333358168602, 0.9166666865348816, 1.0, 0.9166666865348816, 1.0, 1.0, 0.0, 0.9166666865348816, 1.0, 0.0, 1.0, 0.0, 0.9166666865348816, 0.9166666865348816, 0.9166666865348816, 1.0, 0.0, 1.0, 0.0833333358168602, 1.0, 0.0, 1.0, 1.0, 0.9166666865348816, 0.9166666865348816, 1.0, 1.0, 1.0, 0.0, 0.0, 0.9166666865348816, 1.0, 1.0, 1.0, 1.0, 0.0, 0.25, 0.0, 1.0, 1.0, 1.0, 1.0, 1.0, 1.0]","[0.9763593673706055, 0.9687943458557129, 0.9725768566131592, 0.9796690344810486, 0.9659574627876282, 0.9730496406555176, 0.9758865237236023, 0.972104012966156, 0.9730496406555176, 0.9754137396812439, 0.972104012966156, 0.9758865237236023, 0.9758865237236023, 0.9782505631446838, 0.9815602898597717, 0.9754137396812439, 0.9730496406555176, 0.9697399735450745, 0.9730496406555176, 0.9744681119918823, 0.9645389914512634, 0.9735224843025208, 0.9725768566131592, 0.9768321514129639, 0.9702127575874329, 0.9782505631446838, 0.9744681119918823, 0.9806146621704102, 0.9702127575874329, 0.9796690344810486, 0.9763593673706055, 0.9754137396812439, 0.9716312289237976, 0.9739952683448792, 0.9716312289237976, 0.9725768566131592, 0.972104012966156, 0.9735224843025208, 0.9754137396812439, 0.9725768566131592, 0.9834515452384949, 0.9796690344810486, 0.9711583852767944, 0.9659574627876282, 0.9758865237236023, 0.9763593673706055, 0.9744681119918823, 0.9777777791023254, 0.9763593673706055, 0.9739952683448792, 0.972104012966156, 0.9782505631446838, 0.9763593673706055, 0.9815602898597717, 0.9791961908340454, 0.9711583852767944, 0.9730496406555176, 0.9754137396812439, 0.9806146621704102, 0.9758865237236023, 0.9796690344810486, 0.9744681119918823, 0.9711583852767944, 0.9825059175491333, 0.9810874462127686, 0.9777777791023254, 0.9749408960342407, 0.9702127575874329, 0.9735224843025208, 0.9782505631446838, 0.9791961908340454, 0.980141818523407, 0.9758865237236023, 0.9796690344810486, 0.9664302468299866, 0.9754137396812439, 0.9739952683448792, 0.9810874462127686, 0.9773049354553223, 0.9829787015914917, 0.9744681119918823, 0.9763593673706055, 0.9763593673706055, 0.9839243292808533, 0.9749408960342407, 0.970685601234436, 0.9744681119918823, 0.970685601234436, 0.9782505631446838, 0.9815602898597717, 0.9716312289237976, 0.9725768566131592, 0.9683215022087097, 0.9749408960342407, 0.9810874462127686, 0.9763593673706055, 0.9735224843025208, 0.970685601234436, 0.980141818523407, 0.9678487181663513]",0.7141666412353516,0.9751158356666565,0.9803242087364197,0.9803242087364197,0.0297619067132473,0.9720534086227417,0.9749408983451536,0.11227989196777344
58,100,100,0,39,61,"[0.0, 0.0, 0.0, 0.0, 0.0, 0.0, 0.0, 0.0, 0.0, 0.0, 0.0, 0.0, 0.0, 0.0, 0.0, 0.0, 0.0, 0.0, 0.0, 0.0, 0.0, 0.0, 0.0, 0.0, 0.0, 0.0, 0.0, 0.0, 0.0, 0.0, 0.0, 0.0, 0.0, 0.0, 0.0, 0.0, 0.0, 0.0, 0.0, 0.0, 0.0, 0.0, 0.0, 0.0, 0.0, 0.0, 0.0, 0.0, 0.0, 0.0, 0.0, 0.0, 0.0, 0.0, 0.0, 0.0, 0.0, 0.0, 0.0, 0.0, 0.0, 0.0, 0.0, 0.0, 0.0, 0.0, 0.0, 0.0, 0.0, 0.0, 0.0, 0.0, 0.0, 0.0, 0.0, 0.0, 0.0, 0.0, 0.0, 0.0, 0.0, 0.0, 0.0, 0.0, 0.0, 0.0, 0.0, 0.0, 0.0, 0.0, 0.0, 0.0, 0.0, 0.0, 0.0, 0.0, 0.0, 0.0, 0.0, 0.0]","[0.7365958094596863, 0.7822272777557373, 0.7643064260482788, 0.6298878192901611, 0.6233441233634949, 0.6061599254608154, 0.7764924168586731, 0.5734248161315918, 0.7746474742889404, 0.7790265083312988, 0.783058762550354, 0.6312360763549805, 0.6160905361175537, 0.6346158981323242, 0.6035782098770142, 0.6010472178459167, 0.6301330327987671, 0.6293444633483887, 0.6165484189987183, 0.8017799258232117, 0.7734297513961792, 0.6054872870445251, 0.6306034326553345, 0.58866286277771, 0.742606520652771, 0.6087260246276855, 0.5958611369132996, 0.5961019992828369, 0.6371566653251648, 0.7513499855995178, 0.6076120734214783, 0.7618308067321777, 0.7806947231292725, 0.6141202449798584, 0.7462456822395325, 0.8003191947937012, 0.6418232917785645, 0.6110513210296631, 0.6355534791946411, 0.5993400812149048, 0.599555492401123, 0.7761602401733398, 0.6280067563056946, 0.7543150782585144, 0.6044971942901611, 0.6111580729484558, 0.6300443410873413, 0.6347309350967407, 0.6136972308158875, 0.6051585078239441, 0.6460373997688293, 0.6160107851028442, 0.7584621906280518, 0.6241025924682617, 0.6320984363555908, 0.7702646255493164, 0.8024168014526367, 0.8205572366714478, 0.7630186676979065, 0.6328975558280945, 0.7747255563735962, 0.6179799437522888, 0.7583469152450562, 0.610358476638794, 0.6253476738929749, 0.5967363119125366, 0.823471188545227, 0.6377716064453125, 0.6232772469520569, 0.6362698078155518, 0.6054894924163818, 0.63768070936203, 0.6312490701675415, 0.6091901063919067, 0.7713998556137085, 0.7892285585403442, 0.6274591088294983, 0.6156882047653198, 0.7606192827224731, 0.6148865222930908, 0.627116322517395, 0.6181000471115112, 0.6189191341400146, 0.757380485534668, 0.7962725162506104, 0.7551079988479614, 0.7807749509811401, 0.6173220872879028, 0.8047041296958923, 0.5960830450057983, 0.7832385301589966, 0.6028324365615845, 0.7684506177902222, 0.6028575301170349, 0.7680375576019287, 0.7574570178985596, 0.6094285249710083, 0.7784514427185059, 0.7921318411827087, 0.6021667718887329]",0,set(),"[0.0833333358168602, 0.0, 0.0, 1.0, 1.0, 1.0, 0.0, 1.0, 0.0, 0.0833333358168602, 0.1666666716337204, 1.0, 1.0, 1.0, 1.0, 1.0, 1.0, 1.0, 0.9166666865348816, 0.0, 0.0833333358168602, 1.0, 1.0, 1.0, 0.0833333358168602, 1.0, 1.0, 1.0, 0.9166666865348816, 0.0833333358168602, 1.0, 0.0833333358168602, 0.0, 1.0, 0.1666666716337204, 0.0, 0.9166666865348816, 1.0, 1.0, 1.0, 1.0, 0.0, 1.0, 0.0, 1.0, 1.0, 1.0, 0.9166666865348816, 1.0, 1.0, 1.0, 1.0, 0.0, 1.0, 0.9166666865348816, 0.0833333358168602, 0.0, 0.0, 0.0, 1.0, 0.0, 1.0, 0.25, 1.0, 0.9166666865348816, 1.0, 0.0833333358168602, 0.9166666865348816, 0.9166666865348816, 1.0, 0.9166666865348816, 0.9166666865348816, 1.0, 1.0, 0.0, 0.0, 0.9166666865348816, 1.0, 0.0, 1.0, 1.0, 1.0, 1.0, 0.0833333358168602, 0.0, 0.0, 0.0, 1.0, 0.0833333358168602, 1.0, 0.0, 1.0, 0.1666666716337204, 1.0, 0.0, 0.0, 0.9166666865348816, 0.0, 0.0, 1.0]","[0.9669030904769897, 0.9777777791023254, 0.9730496406555176, 0.9777777791023254, 0.9777777791023254, 0.972104012966156, 0.970685601234436, 0.9749408960342407, 0.9716312289237976, 0.980141818523407, 0.9725768566131592, 0.9806146621704102, 0.9796690344810486, 0.9791961908340454, 0.9735224843025208, 0.9739952683448792, 0.9763593673706055, 0.9815602898597717, 0.9758865237236023, 0.9777777791023254, 0.9716312289237976, 0.9763593673706055, 0.9820330739021301, 0.9754137396812439, 0.9635933637619019, 0.9768321514129639, 0.9744681119918823, 0.9725768566131592, 0.9791961908340454, 0.9669030904769897, 0.9749408960342407, 0.9692671298980713, 0.9773049354553223, 0.9763593673706055, 0.9659574627876282, 0.9754137396812439, 0.9820330739021301, 0.9758865237236023, 0.9825059175491333, 0.9749408960342407, 0.9725768566131592, 0.9739952683448792, 0.9768321514129639, 0.9687943458557129, 0.9768321514129639, 0.9758865237236023, 0.9806146621704102, 0.9815602898597717, 0.9749408960342407, 0.9763593673706055, 0.9839243292808533, 0.9758865237236023, 0.9683215022087097, 0.9768321514129639, 0.9796690344810486, 0.9683215022087097, 0.9782505631446838, 0.9768321514129639, 0.9754137396812439, 0.9806146621704102, 0.9744681119918823, 0.9768321514129639, 0.970685601234436, 0.9763593673706055, 0.9829787015914917, 0.9749408960342407, 0.9782505631446838, 0.9839243292808533, 0.9754137396812439, 0.980141818523407, 0.9768321514129639, 0.9820330739021301, 0.9739952683448792, 0.9763593673706055, 0.9758865237236023, 0.9777777791023254, 0.9777777791023254, 0.9763593673706055, 0.9730496406555176, 0.9754137396812439, 0.9825059175491333, 0.9777777791023254, 0.9758865237236023, 0.9687943458557129, 0.9758865237236023, 0.964066207408905, 0.9768321514129639, 0.9754137396812439, 0.9744681119918823, 0.9744681119918823, 0.9735224843025208, 0.9763593673706055, 0.9711583852767944, 0.9739952683448792, 0.9796690344810486, 0.9711583852767944, 0.9744681119918823, 0.9777777791023254, 0.9735224843025208, 0.9716312289237976]",0.6158333420753479,0.9755886793136597,0.9836065769195557,0.9836065769195557,0.04059828817844391,0.9730132818222046,0.975886524822695,0.21886587142944336
59,100,100,0,31,69,"[0.0, 0.0, 0.0, 0.0, 0.0, 0.0, 0.0, 0.0, 0.0, 0.0, 0.0, 0.0, 0.0, 0.0, 0.0, 0.0, 0.0, 0.0, 0.0, 0.0, 0.0, 0.0, 0.0, 0.0, 0.0, 0.0, 0.0, 0.0, 0.0, 0.0, 0.0, 0.0, 0.0, 0.0, 0.0, 0.0, 0.0, 0.0, 0.0, 0.0, 0.0, 0.0, 0.0, 0.0, 0.0, 0.0, 0.0, 0.0, 0.0, 0.0, 0.0, 0.0, 0.0, 0.0, 0.0, 0.0, 0.0, 0.0, 0.0, 0.0, 0.0, 0.0, 0.0, 0.0, 0.0, 0.0, 0.0, 0.0, 0.0, 0.0, 0.0, 0.0, 0.0, 0.0, 0.0, 0.0, 0.0, 0.0, 0.0, 0.0, 0.0, 0.0, 0.0, 0.0, 0.0, 0.0, 0.0, 0.0, 0.0, 0.0, 0.0, 0.0, 0.0, 0.0, 0.0, 0.0, 0.0, 0.0, 0.0, 0.0]","[0.6150819063186646, 0.7759045362472534, 0.6307849287986755, 0.8019493818283081, 0.6035275459289551, 0.6460824608802795, 0.5948907136917114, 0.7401245832443237, 0.6229621171951294, 0.6221375465393066, 0.6343032717704773, 0.6014071702957153, 0.6346971988677979, 0.762998640537262, 0.6200535297393799, 0.5861005783081055, 0.634419322013855, 0.5868448615074158, 0.6024912595748901, 0.8122426271438599, 0.788651704788208, 0.6450244188308716, 0.6138818860054016, 0.7697672843933105, 0.6313704252243042, 0.6107717752456665, 0.7657115459442139, 0.6023979187011719, 0.7935712933540344, 0.6292272806167603, 0.7828203439712524, 0.6240451335906982, 0.7670419216156006, 0.8006716966629028, 0.6016690731048584, 0.5756675601005554, 0.6059327125549316, 0.6466988921165466, 0.7518904209136963, 0.7820662260055542, 0.6109824776649475, 0.6026673316955566, 0.6297521591186523, 0.7505507469177246, 0.5965146422386169, 0.6136458516120911, 0.7941299676895142, 0.6073269248008728, 0.6152710914611816, 0.7831768989562988, 0.7732675075531006, 0.7819517254829407, 0.6080493330955505, 0.6254764795303345, 0.5983879566192627, 0.5790014863014221, 0.6144192218780518, 0.6355040073394775, 0.6304807066917419, 0.6205894947052002, 0.7697886228561401, 0.780503511428833, 0.6028441190719604, 0.6104401350021362, 0.7558375597000122, 0.759711503982544, 0.6017630100250244, 0.6096513271331787, 0.7904958128929138, 0.595587432384491, 0.5914734601974487, 0.5873265266418457, 0.6353782415390015, 0.7709037065505981, 0.7804604768753052, 0.616775393486023, 0.7601605653762817, 0.7975449562072754, 0.5960028171539307, 0.617060124874115, 0.6306321024894714, 0.6417833566665649, 0.6394631862640381, 0.6044307947158813, 0.6255766153335571, 0.6146830320358276, 0.6025478839874268, 0.6114928722381592, 0.6156187653541565, 0.6292846202850342, 0.5912538766860962, 0.7558518648147583, 0.5936310887336731, 0.6095060110092163, 0.5947614908218384, 0.6118144392967224, 0.5976511240005493, 0.6412787437438965, 0.7580418586730957, 0.7758077383041382]",0,set(),"[1.0, 0.0, 1.0, 0.0, 1.0, 1.0, 1.0, 0.0833333358168602, 1.0, 0.9166666865348816, 1.0, 1.0, 0.9166666865348816, 0.0833333358168602, 0.9166666865348816, 1.0, 1.0, 1.0, 1.0, 0.0, 0.0833333358168602, 1.0, 1.0, 0.0, 1.0, 1.0, 0.0833333358168602, 0.9166666865348816, 0.0, 1.0, 0.0, 1.0, 0.0, 0.0, 1.0, 1.0, 1.0, 0.9166666865348816, 0.25, 0.0833333358168602, 1.0, 1.0, 1.0, 0.0, 1.0, 0.9166666865348816, 0.0, 1.0, 1.0, 0.25, 0.0833333358168602, 0.0, 1.0, 0.9166666865348816, 1.0, 1.0, 1.0, 1.0, 0.9166666865348816, 0.9166666865348816, 0.1666666716337204, 0.0, 1.0, 1.0, 0.0, 0.0, 1.0, 1.0, 0.0, 1.0, 0.9166666865348816, 1.0, 1.0, 0.0833333358168602, 0.1666666716337204, 0.9166666865348816, 0.0, 0.0, 1.0, 1.0, 1.0, 0.9166666865348816, 1.0, 0.9166666865348816, 1.0, 1.0, 0.9166666865348816, 0.9166666865348816, 0.9166666865348816, 1.0, 1.0, 0.0, 0.9166666865348816, 1.0, 0.9166666865348816, 1.0, 1.0, 0.9166666865348816, 0.0, 0.0]","[0.980141818523407, 0.9744681119918823, 0.9829787015914917, 0.9758865237236023, 0.9758865237236023, 0.985342800617218, 0.9730496406555176, 0.9697399735450745, 0.9810874462127686, 0.9768321514129639, 0.9829787015914917, 0.9744681119918823, 0.9815602898597717, 0.970685601234436, 0.9806146621704102, 0.9735224843025208, 0.9820330739021301, 0.9739952683448792, 0.9739952683448792, 0.9815602898597717, 0.9735224843025208, 0.9834515452384949, 0.9763593673706055, 0.9711583852767944, 0.9825059175491333, 0.9796690344810486, 0.9673758745193481, 0.9730496406555176, 0.980141818523407, 0.9782505631446838, 0.9773049354553223, 0.9773049354553223, 0.9777777791023254, 0.9806146621704102, 0.9744681119918823, 0.9744681119918823, 0.9773049354553223, 0.9834515452384949, 0.9669030904769897, 0.980141818523407, 0.9744681119918823, 0.9758865237236023, 0.9820330739021301, 0.9730496406555176, 0.9725768566131592, 0.9806146621704102, 0.9782505631446838, 0.9768321514129639, 0.980141818523407, 0.9735224843025208, 0.9758865237236023, 0.9777777791023254, 0.9758865237236023, 0.978723406791687, 0.9725768566131592, 0.9749408960342407, 0.9763593673706055, 0.9858155846595764, 0.9820330739021301, 0.9810874462127686, 0.9754137396812439, 0.9758865237236023, 0.9768321514129639, 0.9773049354553223, 0.9716312289237976, 0.9744681119918823, 0.9749408960342407, 0.9744681119918823, 0.9796690344810486, 0.9749408960342407, 0.9758865237236023, 0.972104012966156, 0.9815602898597717, 0.9739952683448792, 0.9754137396812439, 0.9768321514129639, 0.972104012966156, 0.9810874462127686, 0.9768321514129639, 0.978723406791687, 0.9825059175491333, 0.9843971729278564, 0.9815602898597717, 0.9777777791023254, 0.9806146621704102, 0.9796690344810486, 0.9754137396812439, 0.9730496406555176, 0.9754137396812439, 0.9768321514129639, 0.9744681119918823, 0.9716312289237976, 0.9744681119918823, 0.9796690344810486, 0.972104012966156, 0.980141818523407, 0.9730496406555176, 0.985342800617218, 0.970685601234436, 0.9725768566131592]",0.6883333325386047,0.976959764957428,0.9770532250404358,0.9770532250404358,0.045698922127485275,0.9748494029045105,0.9763593380614657,0.21455788612365723
60,100,100,0,28,72,"[0.0, 0.0, 0.0, 0.0, 0.0, 0.0, 0.0, 0.0, 0.0, 0.0, 0.0, 0.0, 0.0, 0.0, 0.0, 0.0, 0.0, 0.0, 0.0, 0.0, 0.0, 0.0, 0.0, 0.0, 0.0, 0.0, 0.0, 0.0, 0.0, 0.0, 0.0, 0.0, 0.0, 0.0, 0.0, 0.0, 0.0, 0.0, 0.0, 0.0, 0.0, 0.0, 0.0, 0.0, 0.0, 0.0, 0.0, 0.0, 0.0, 0.0, 0.0, 0.0, 0.0, 0.0, 0.0, 0.0, 0.0, 0.0, 0.0, 0.0, 0.0, 0.0, 0.0, 0.0, 0.0, 0.0, 0.0, 0.0, 0.0, 0.0, 0.0, 0.0, 0.0, 0.0, 0.0, 0.0, 0.0, 0.0, 0.0, 0.0, 0.0, 0.0, 0.0, 0.0, 0.0, 0.0, 0.0, 0.0, 0.0, 0.0, 0.0, 0.0, 0.0, 0.0, 0.0, 0.0, 0.0, 0.0, 0.0, 0.0]","[0.605495810508728, 0.5910182595252991, 0.6441502571105957, 0.6042259931564331, 0.6325076818466187, 0.7788252830505371, 0.6018539071083069, 0.6407955884933472, 0.7662956118583679, 0.7717490196228027, 0.7909777164459229, 0.6235436201095581, 0.5823822617530823, 0.6216759085655212, 0.7367731928825378, 0.7568073272705078, 0.5964027643203735, 0.5972498059272766, 0.6424472332000732, 0.6102869510650635, 0.7913424968719482, 0.7952268123626709, 0.8101160526275635, 0.6167693734169006, 0.7776700258255005, 0.7709008455276489, 0.6128860116004944, 0.5890485048294067, 0.604232668876648, 0.6338254809379578, 0.6057628989219666, 0.6453908085823059, 0.6010159850120544, 0.6217733025550842, 0.7534452676773071, 0.5949066281318665, 0.6371755599975586, 0.6073843836784363, 0.6218360662460327, 0.607965350151062, 0.6068027019500732, 0.6084316968917847, 0.8067905902862549, 0.6277596354484558, 0.5825655460357666, 0.7525437474250793, 0.7801094055175781, 0.5936399698257446, 0.7662027478218079, 0.7928251624107361, 0.6239343881607056, 0.5803140997886658, 0.5982720851898193, 0.6166430711746216, 0.62162184715271, 0.6106857657432556, 0.6271765232086182, 0.7840713262557983, 0.6006922721862793, 0.7850499749183655, 0.6194254159927368, 0.8238924741744995, 0.5912038087844849, 0.6322457790374756, 0.6208212375640869, 0.7716490030288696, 0.772382378578186, 0.6124815344810486, 0.6112398505210876, 0.6370034217834473, 0.7793081998825073, 0.6289541721343994, 0.7856277227401733, 0.7995949387550354, 0.6046133041381836, 0.6398400068283081, 0.6216263175010681, 0.6327856779098511, 0.6314836740493774, 0.6133620142936707, 0.6092331409454346, 0.6023250818252563, 0.6126464009284973, 0.6083865165710449, 0.6310956478118896, 0.8088600635528564, 0.7715936899185181, 0.6185400485992432, 0.5997442007064819, 0.6324396133422852, 0.6033556461334229, 0.5940073728561401, 0.7602577209472656, 0.5871586203575134, 0.595586895942688, 0.60329270362854, 0.6023496985435486, 0.602487325668335, 0.614065408706665, 0.579984188079834]",0,set(),"[1.0, 1.0, 1.0, 1.0, 0.8333333134651184, 0.0, 1.0, 1.0, 0.0833333358168602, 0.0, 0.0, 0.9166666865348816, 1.0, 1.0, 0.1666666716337204, 0.0, 1.0, 1.0, 1.0, 1.0, 0.0, 0.0, 0.0833333358168602, 1.0, 0.0, 0.0, 1.0, 1.0, 1.0, 0.9166666865348816, 1.0, 0.9166666865348816, 1.0, 1.0, 0.25, 0.9166666865348816, 0.9166666865348816, 1.0, 1.0, 1.0, 1.0, 1.0, 0.0, 1.0, 1.0, 0.0, 0.0, 1.0, 0.0, 0.0, 0.9166666865348816, 1.0, 1.0, 1.0, 1.0, 1.0, 0.9166666865348816, 0.0, 1.0, 0.0, 1.0, 0.0, 1.0, 1.0, 1.0, 0.0833333358168602, 0.0, 1.0, 0.9166666865348816, 1.0, 0.0833333358168602, 1.0, 0.0, 0.0, 1.0, 0.9166666865348816, 0.9166666865348816, 1.0, 1.0, 1.0, 0.9166666865348816, 1.0, 0.9166666865348816, 1.0, 1.0, 0.0, 0.0, 1.0, 1.0, 1.0, 1.0, 1.0, 0.0, 1.0, 1.0, 1.0, 1.0, 0.9166666865348816, 1.0, 1.0]","[0.9735224843025208, 0.9749408960342407, 0.9872340559959412, 0.9754137396812439, 0.985342800617218, 0.9744681119918823, 0.9763593673706055, 0.9820330739021301, 0.9749408960342407, 0.9763593673706055, 0.9744681119918823, 0.9829787015914917, 0.9763593673706055, 0.9791961908340454, 0.9692671298980713, 0.9716312289237976, 0.9763593673706055, 0.980141818523407, 0.9834515452384949, 0.978723406791687, 0.9763593673706055, 0.9810874462127686, 0.9754137396812439, 0.9825059175491333, 0.9739952683448792, 0.9806146621704102, 0.9815602898597717, 0.9763593673706055, 0.9777777791023254, 0.985342800617218, 0.9763593673706055, 0.9806146621704102, 0.9791961908340454, 0.9815602898597717, 0.9692671298980713, 0.9777777791023254, 0.9829787015914917, 0.9815602898597717, 0.9782505631446838, 0.9749408960342407, 0.9754137396812439, 0.9768321514129639, 0.9815602898597717, 0.9843971729278564, 0.9763593673706055, 0.9725768566131592, 0.9730496406555176, 0.9773049354553223, 0.9744681119918823, 0.980141818523407, 0.980141818523407, 0.9735224843025208, 0.9754137396812439, 0.9825059175491333, 0.980141818523407, 0.9754137396812439, 0.9806146621704102, 0.9749408960342407, 0.9744681119918823, 0.980141818523407, 0.9820330739021301, 0.9806146621704102, 0.9730496406555176, 0.9796690344810486, 0.9796690344810486, 0.9768321514129639, 0.9758865237236023, 0.9768321514129639, 0.9834515452384949, 0.986761212348938, 0.9768321514129639, 0.9768321514129639, 0.9763593673706055, 0.9749408960342407, 0.9806146621704102, 0.9839243292808533, 0.9730496406555176, 0.9839243292808533, 0.9758865237236023, 0.9777777791023254, 0.9782505631446838, 0.9744681119918823, 0.9773049354553223, 0.9796690344810486, 0.9839243292808533, 0.9820330739021301, 0.9730496406555176, 0.9806146621704102, 0.9763593673706055, 0.9815602898597717, 0.9744681119918823, 0.9763593673706055, 0.978723406791687, 0.9716312289237976, 0.9768321514129639, 0.9730496406555176, 0.9773049354553223, 0.9806146621704102, 0.9754137396812439, 0.9763593673706055]",0.7149999737739563,0.9779905676841736,0.9826388955116272,0.9826388955116272,0.02678571455180645,0.9760723114013672,0.9768321513002364,0.11300206184387207
61,100,100,0,37,63,"[0.0, 0.0, 0.0, 0.0, 0.0, 0.0, 0.0, 0.0, 0.0, 0.0, 0.0, 0.0, 0.0, 0.0, 0.0, 0.0, 0.0, 0.0, 0.0, 0.0, 0.0, 0.0, 0.0, 0.0, 0.0, 0.0, 0.0, 0.0, 0.0, 0.0, 0.0, 0.0, 0.0, 0.0, 0.0, 0.0, 0.0, 0.0, 0.0, 0.0, 0.0, 0.0, 0.0, 0.0, 0.0, 0.0, 0.0, 0.0, 0.0, 0.0, 0.0, 0.0, 0.0, 0.0, 0.0, 0.0, 0.0, 0.0, 0.0, 0.0, 0.0, 0.0, 0.0, 0.0, 0.0, 0.0, 0.0, 0.0, 0.0, 0.0, 0.0, 0.0, 0.0, 0.0, 0.0, 0.0, 0.0, 0.0, 0.0, 0.0, 0.0, 0.0, 0.0, 0.0, 0.0, 0.0, 0.0, 0.0, 0.0, 0.0, 0.0, 0.0, 0.0, 0.0, 0.0, 0.0, 0.0, 0.0, 0.0, 0.0]","[0.6125879287719727, 0.6207871437072754, 0.5918701887130737, 0.8315267562866211, 0.6090775728225708, 0.7966634631156921, 0.7788922786712646, 0.6067014932632446, 0.7597435116767883, 0.5961306095123291, 0.6072186827659607, 0.6034646034240723, 0.7951564788818359, 0.7651616334915161, 0.610622763633728, 0.6456406712532043, 0.6073817610740662, 0.7684198617935181, 0.5969862937927246, 0.7965478301048279, 0.5875757932662964, 0.595313310623169, 0.6189509630203247, 0.7988579273223877, 0.5977529287338257, 0.6093789935112, 0.5797891020774841, 0.5928453803062439, 0.7556642293930054, 0.6178810596466064, 0.6266626119613647, 0.7572381496429443, 0.8153444528579712, 0.773334264755249, 0.6130316257476807, 0.5808108448982239, 0.6212164163589478, 0.6150661706924438, 0.7755532264709473, 0.5982507467269897, 0.6419990062713623, 0.6006949543952942, 0.596021831035614, 0.5908395051956177, 0.7880920171737671, 0.6108067631721497, 0.6265501976013184, 0.7959672212600708, 0.5830197334289551, 0.6224244832992554, 0.8000640869140625, 0.8156802654266357, 0.770949125289917, 0.6059755086898804, 0.7888155579566956, 0.5851585865020752, 0.7890466451644897, 0.5978466272354126, 0.6317086219787598, 0.63064044713974, 0.6069008111953735, 0.797569990158081, 0.6329667568206787, 0.5720317363739014, 0.612511932849884, 0.5971696376800537, 0.8301273584365845, 0.6249350309371948, 0.6100301742553711, 0.6061266660690308, 0.6019636392593384, 0.6122699975967407, 0.5927766561508179, 0.7590528726577759, 0.6313945651054382, 0.7669432163238525, 0.8062126636505127, 0.6260101199150085, 0.6321070194244385, 0.6057417392730713, 0.6203816533088684, 0.600353479385376, 0.6124727725982666, 0.8278568983078003, 0.7758435010910034, 0.6315563917160034, 0.619572103023529, 0.7617477774620056, 0.780098557472229, 0.8231785297393799, 0.7553117275238037, 0.6014944314956665, 0.8325772285461426, 0.7861963510513306, 0.6281287670135498, 0.6003419160842896, 0.8077781200408936, 0.795283854007721, 0.787757396697998, 0.6324290633201599]",0,set(),"[0.9166666865348816, 1.0, 1.0, 0.0833333358168602, 1.0, 0.0, 0.0833333358168602, 1.0, 0.0, 1.0, 1.0, 1.0, 0.0, 0.0833333358168602, 1.0, 0.9166666865348816, 1.0, 0.0, 1.0, 0.0, 1.0, 1.0, 1.0, 0.0, 1.0, 1.0, 1.0, 1.0, 0.0833333358168602, 0.9166666865348816, 1.0, 0.0833333358168602, 0.0, 0.0, 1.0, 1.0, 0.9166666865348816, 1.0, 0.0833333358168602, 1.0, 1.0, 1.0, 1.0, 1.0, 0.0, 1.0, 0.9166666865348816, 0.0, 1.0, 1.0, 0.0, 0.0, 0.0833333358168602, 1.0, 0.1666666716337204, 1.0, 0.0, 1.0, 1.0, 1.0, 1.0, 0.0833333358168602, 1.0, 1.0, 1.0, 1.0, 0.0, 1.0, 0.9166666865348816, 1.0, 1.0, 1.0, 0.9166666865348816, 0.0, 1.0, 0.0833333358168602, 0.0, 1.0, 0.9166666865348816, 1.0, 0.9166666865348816, 1.0, 1.0, 0.0, 0.1666666716337204, 0.9166666865348816, 1.0, 0.1666666716337204, 0.0, 0.0, 0.0, 1.0, 0.0, 0.0, 0.9166666865348816, 1.0, 0.0, 0.0, 0.25, 0.9166666865348816]","[0.9815602898597717, 0.9768321514129639, 0.9791961908340454, 0.9806146621704102, 0.9777777791023254, 0.9754137396812439, 0.9782505631446838, 0.9782505631446838, 0.9692671298980713, 0.9768321514129639, 0.9815602898597717, 0.9796690344810486, 0.9773049354553223, 0.9716312289237976, 0.9829787015914917, 0.9843971729278564, 0.9768321514129639, 0.9777777791023254, 0.9758865237236023, 0.9754137396812439, 0.9768321514129639, 0.9773049354553223, 0.9829787015914917, 0.9810874462127686, 0.9763593673706055, 0.9829787015914917, 0.9758865237236023, 0.9758865237236023, 0.9711583852767944, 0.9843971729278564, 0.9829787015914917, 0.9758865237236023, 0.9777777791023254, 0.9730496406555176, 0.9796690344810486, 0.978723406791687, 0.9848699569702148, 0.9768321514129639, 0.972104012966156, 0.980141818523407, 0.9858155846595764, 0.9773049354553223, 0.9777777791023254, 0.9749408960342407, 0.9791961908340454, 0.9782505631446838, 0.985342800617218, 0.9773049354553223, 0.978723406791687, 0.9829787015914917, 0.9829787015914917, 0.9820330739021301, 0.9744681119918823, 0.9777777791023254, 0.9758865237236023, 0.9739952683448792, 0.9763593673706055, 0.9791961908340454, 0.9839243292808533, 0.9815602898597717, 0.9806146621704102, 0.9768321514129639, 0.9834515452384949, 0.9744681119918823, 0.9858155846595764, 0.9768321514129639, 0.9806146621704102, 0.9839243292808533, 0.9806146621704102, 0.9820330739021301, 0.9815602898597717, 0.9810874462127686, 0.980141818523407, 0.9754137396812439, 0.9810874462127686, 0.972104012966156, 0.978723406791687, 0.9829787015914917, 0.9829787015914917, 0.9820330739021301, 0.9815602898597717, 0.9825059175491333, 0.9825059175491333, 0.9810874462127686, 0.9768321514129639, 0.9843971729278564, 0.9825059175491333, 0.9730496406555176, 0.9749408960342407, 0.9810874462127686, 0.9739952683448792, 0.9763593673706055, 0.9810874462127686, 0.9768321514129639, 0.9858155846595764, 0.9791961908340454, 0.9806146621704102, 0.9791961908340454, 0.9754137396812439, 0.9829787015914917]",0.6350000500679016,0.97905433177948,0.9841270446777344,0.9841270446777344,0.04054053872823715,0.9768320322036743,0.9787234042553191,0.21262550354003906
62,100,100,0,26,74,"[0.0, 0.0, 0.0, 0.0, 0.0, 0.0, 0.0, 0.0, 0.0, 0.0, 0.0, 0.0, 0.0, 0.0, 0.0, 0.0, 0.0, 0.0, 0.0, 0.0, 0.0, 0.0, 0.0, 0.0, 0.0, 0.0, 0.0, 0.0, 0.0, 0.0, 0.0, 0.0, 0.0, 0.0, 0.0, 0.0, 0.0, 0.0, 0.0, 0.0, 0.0, 0.0, 0.0, 0.0, 0.0, 0.0, 0.0, 0.0, 0.0, 0.0, 0.0, 0.0, 0.0, 0.0, 0.0, 0.0, 0.0, 0.0, 0.0, 0.0, 0.0, 0.0, 0.0, 0.0, 0.0, 0.0, 0.0, 0.0, 0.0, 0.0, 0.0, 0.0, 0.0, 0.0, 0.0, 0.0, 0.0, 0.0, 0.0, 0.0, 0.0, 0.0, 0.0, 0.0, 0.0, 0.0, 0.0, 0.0, 0.0, 0.0, 0.0, 0.0, 0.0, 0.0, 0.0, 0.0, 0.0, 0.0, 0.0, 0.0]","[0.63319993019104, 0.6340694427490234, 0.6183320879936218, 0.6231069564819336, 0.6346973776817322, 0.7775424718856812, 0.5982264280319214, 0.6392923593521118, 0.7870404720306396, 0.6244761943817139, 0.6312823295593262, 0.6118954420089722, 0.602026104927063, 0.7817298173904419, 0.7641556262969971, 0.5853584408760071, 0.6325536370277405, 0.7946110367774963, 0.5708492994308472, 0.618651807308197, 0.7602392435073853, 0.6082026958465576, 0.6387314200401306, 0.7851169109344482, 0.6007282733917236, 0.6338424682617188, 0.5948714017868042, 0.5743776559829712, 0.628430187702179, 0.5836178660392761, 0.6111025810241699, 0.641767680644989, 0.6272938847541809, 0.7683122158050537, 0.5993853807449341, 0.7716094255447388, 0.5854761004447937, 0.5957276821136475, 0.60698002576828, 0.5995100736618042, 0.8041870594024658, 0.7582178115844727, 0.59230637550354, 0.7894971370697021, 0.7954931259155273, 0.6127755641937256, 0.5773630142211914, 0.6192857623100281, 0.5794436931610107, 0.7293131351470947, 0.6058661341667175, 0.6225452423095703, 0.7583135962486267, 0.6010075807571411, 0.7849534749984741, 0.7752410173416138, 0.6255300045013428, 0.6036689877510071, 0.6316477060317993, 0.6269173622131348, 0.6188322305679321, 0.7691826224327087, 0.6088851690292358, 0.5931780934333801, 0.615495502948761, 0.7554179430007935, 0.5838897228240967, 0.6243529319763184, 0.5695177316665649, 0.5914019346237183, 0.6178717613220215, 0.7599438428878784, 0.6118605136871338, 0.6258853077888489, 0.7919223308563232, 0.6298828721046448, 0.5901771783828735, 0.5862001180648804, 0.5976523160934448, 0.5991079807281494, 0.8206056356430054, 0.8149369955062866, 0.5978724956512451, 0.8026171326637268, 0.5669159889221191, 0.8113266229629517, 0.578702449798584, 0.7583066821098328, 0.6128146648406982, 0.5741569995880127, 0.6069159507751465, 0.6116193532943726, 0.5760880708694458, 0.6194779872894287, 0.6190000176429749, 0.6052396297454834, 0.5960128307342529, 0.5889029502868652, 0.6133724451065063, 0.6134558916091919]",0,set(),"[0.9166666865348816, 1.0, 1.0, 1.0, 0.9166666865348816, 0.0833333358168602, 0.9166666865348816, 1.0, 0.0, 1.0, 0.9166666865348816, 0.75, 1.0, 0.0833333358168602, 0.1666666716337204, 1.0, 0.9166666865348816, 0.0, 1.0, 1.0, 0.0, 0.9166666865348816, 0.9166666865348816, 0.0, 1.0, 1.0, 1.0, 1.0, 1.0, 1.0, 0.9166666865348816, 1.0, 0.9166666865348816, 0.0833333358168602, 0.9166666865348816, 0.0833333358168602, 1.0, 1.0, 1.0, 0.9166666865348816, 0.0, 0.1666666716337204, 0.9166666865348816, 0.0, 0.0, 0.9166666865348816, 1.0, 1.0, 1.0, 0.0833333358168602, 1.0, 0.9166666865348816, 0.0, 1.0, 0.0, 0.0, 1.0, 0.9166666865348816, 1.0, 1.0, 0.8333333134651184, 0.0, 1.0, 1.0, 0.9166666865348816, 0.0, 1.0, 1.0, 1.0, 0.9166666865348816, 1.0, 0.0833333358168602, 1.0, 0.9166666865348816, 0.0, 0.9166666865348816, 1.0, 1.0, 1.0, 1.0, 0.0, 0.0833333358168602, 1.0, 0.0833333358168602, 1.0, 0.0, 1.0, 0.0, 1.0, 1.0, 0.9166666865348816, 1.0, 1.0, 1.0, 1.0, 1.0, 0.9166666865348816, 1.0, 0.9166666865348816, 1.0]","[0.9862884283065796, 0.9834515452384949, 0.9839243292808533, 0.9806146621704102, 0.985342800617218, 0.9768321514129639, 0.9782505631446838, 0.9843971729278564, 0.9810874462127686, 0.9839243292808533, 0.9862884283065796, 0.9825059175491333, 0.9810874462127686, 0.980141818523407, 0.9744681119918823, 0.9773049354553223, 0.985342800617218, 0.9806146621704102, 0.9739952683448792, 0.9825059175491333, 0.9763593673706055, 0.9858155846595764, 0.985342800617218, 0.9810874462127686, 0.9744681119918823, 0.985342800617218, 0.9791961908340454, 0.9768321514129639, 0.9839243292808533, 0.9725768566131592, 0.980141818523407, 0.9872340559959412, 0.9820330739021301, 0.9730496406555176, 0.9825059175491333, 0.9730496406555176, 0.9768321514129639, 0.9773049354553223, 0.9758865237236023, 0.9758865237236023, 0.9806146621704102, 0.9763593673706055, 0.9754137396812439, 0.980141818523407, 0.980141818523407, 0.9825059175491333, 0.9768321514129639, 0.9848699569702148, 0.9796690344810486, 0.9735224843025208, 0.9829787015914917, 0.9815602898597717, 0.9758865237236023, 0.9815602898597717, 0.9782505631446838, 0.9777777791023254, 0.9843971729278564, 0.9820330739021301, 0.9820330739021301, 0.9829787015914917, 0.9815602898597717, 0.9758865237236023, 0.9829787015914917, 0.9810874462127686, 0.985342800617218, 0.9735224843025208, 0.9744681119918823, 0.9810874462127686, 0.9763593673706055, 0.9820330739021301, 0.9768321514129639, 0.9730496406555176, 0.9782505631446838, 0.9858155846595764, 0.9782505631446838, 0.9862884283065796, 0.9791961908340454, 0.9782505631446838, 0.9768321514129639, 0.9763593673706055, 0.980141818523407, 0.9777777791023254, 0.9834515452384949, 0.9758865237236023, 0.9744681119918823, 0.9834515452384949, 0.9777777791023254, 0.9763593673706055, 0.9834515452384949, 0.9773049354553223, 0.9763593673706055, 0.9810874462127686, 0.9773049354553223, 0.9829787015914917, 0.9829787015914917, 0.9806146621704102, 0.9820330739021301, 0.9758865237236023, 0.9825059175491333, 0.9773049354553223]",0.7275000214576721,0.9798534512519836,0.9695947170257568,0.9695947170257568,0.03846153989434242,0.977450430393219,0.9801418439716312,0.2077646255493164
63,100,100,0,27,73,"[0.0, 0.0, 0.0, 0.0, 0.0, 0.0, 0.0, 0.0, 0.0, 0.0, 0.0, 0.0, 0.0, 0.0, 0.0, 0.0, 0.0, 0.0, 0.0, 0.0, 0.0, 0.0, 0.0, 0.0, 0.0, 0.0, 0.0, 0.0, 0.0, 0.0, 0.0, 0.0, 0.0, 0.0, 0.0, 0.0, 0.0, 0.0, 0.0, 0.0, 0.0, 0.0, 0.0, 0.0, 0.0, 0.0, 0.0, 0.0, 0.0, 0.0, 0.0, 0.0, 0.0, 0.0, 0.0, 0.0, 0.0, 0.0, 0.0, 0.0, 0.0, 0.0, 0.0, 0.0, 0.0, 0.0, 0.0, 0.0, 0.0, 0.0, 0.0, 0.0, 0.0, 0.0, 0.0, 0.0, 0.0, 0.0, 0.0, 0.0, 0.0, 0.0, 0.0, 0.0, 0.0, 0.0, 0.0, 0.0, 0.0, 0.0, 0.0, 0.0, 0.0, 0.0, 0.0, 0.0, 0.0, 0.0, 0.0, 0.0]","[0.589683473110199, 0.5966180562973022, 0.6095268726348877, 0.6251491904258728, 0.5832433700561523, 0.6131823062896729, 0.7840394973754883, 0.6207781434059143, 0.7918826341629028, 0.6253591775894165, 0.6072442531585693, 0.5867393016815186, 0.6132155656814575, 0.6403132081031799, 0.8083233833312988, 0.5971627235412598, 0.625756561756134, 0.5857750177383423, 0.6351234912872314, 0.636630654335022, 0.6392412185668945, 0.6256389617919922, 0.5830512046813965, 0.6242692470550537, 0.7798889875411987, 0.6021890640258789, 0.7821753025054932, 0.6275968551635742, 0.5892162322998047, 0.6144620180130005, 0.7655963897705078, 0.7590312957763672, 0.6278047561645508, 0.6015453338623047, 0.607105016708374, 0.619228184223175, 0.6232452392578125, 0.7602815628051758, 0.6104596257209778, 0.7741730213165283, 0.5856090188026428, 0.7844886183738708, 0.7670812606811523, 0.6262151598930359, 0.799596905708313, 0.6248540878295898, 0.5933616757392883, 0.6046255230903625, 0.6150190234184265, 0.6174173355102539, 0.5988215208053589, 0.6107896566390991, 0.5812958478927612, 0.617835283279419, 0.6029272079467773, 0.6261219382286072, 0.7905979156494141, 0.7888002395629883, 0.5761160254478455, 0.589390218257904, 0.7790626287460327, 0.6411926746368408, 0.6028069257736206, 0.7975599765777588, 0.7930306792259216, 0.6216609477996826, 0.7980985641479492, 0.6111681461334229, 0.6015356779098511, 0.5678603649139404, 0.624663233757019, 0.6068708300590515, 0.7793878316879272, 0.6018449068069458, 0.6069117188453674, 0.6113960146903992, 0.6215140223503113, 0.8030705451965332, 0.8109928369522095, 0.6169490814208984, 0.6129642128944397, 0.5975031852722168, 0.8084419965744019, 0.6087998747825623, 0.6055912971496582, 0.6005167961120605, 0.7915953397750854, 0.604284942150116, 0.6103087663650513, 0.5779419541358948, 0.6041378974914551, 0.7953736782073975, 0.7877154350280762, 0.5940080881118774, 0.7869057655334473, 0.5984213948249817, 0.8147426843643188, 0.6032027006149292, 0.5939284563064575, 0.6315813064575195]",0,set(),"[1.0, 1.0, 1.0, 1.0, 1.0, 1.0, 0.0, 1.0, 0.0, 1.0, 1.0, 1.0, 1.0, 1.0, 0.0, 0.9166666865348816, 1.0, 1.0, 0.9166666865348816, 1.0, 0.9166666865348816, 0.75, 1.0, 0.9166666865348816, 0.0833333358168602, 1.0, 0.0833333358168602, 1.0, 0.9166666865348816, 1.0, 0.0, 0.0, 1.0, 1.0, 1.0, 0.9166666865348816, 1.0, 0.0833333358168602, 1.0, 0.0, 0.9166666865348816, 0.0, 0.1666666716337204, 0.9166666865348816, 0.0, 1.0, 1.0, 0.9166666865348816, 1.0, 0.9166666865348816, 1.0, 0.9166666865348816, 1.0, 1.0, 1.0, 1.0, 0.0, 0.0, 1.0, 1.0, 0.0, 1.0, 1.0, 0.0, 0.0, 1.0, 0.0, 1.0, 0.9166666865348816, 1.0, 1.0, 0.9166666865348816, 0.0833333358168602, 1.0, 0.9166666865348816, 0.9166666865348816, 1.0, 0.0, 0.0, 1.0, 1.0, 1.0, 0.0, 0.9166666865348816, 1.0, 1.0, 0.0, 0.9166666865348816, 1.0, 1.0, 1.0, 0.0833333358168602, 0.0, 1.0, 0.0, 1.0, 0.0, 1.0, 1.0, 0.9166666865348816]","[0.980141818523407, 0.980141818523407, 0.9820330739021301, 0.9848699569702148, 0.9791961908340454, 0.9810874462127686, 0.9763593673706055, 0.9839243292808533, 0.9782505631446838, 0.9848699569702148, 0.9815602898597717, 0.9777777791023254, 0.9829787015914917, 0.9877068400382996, 0.9768321514129639, 0.9829787015914917, 0.9839243292808533, 0.9820330739021301, 0.985342800617218, 0.986761212348938, 0.9877068400382996, 0.9843971729278564, 0.9754137396812439, 0.9858155846595764, 0.9782505631446838, 0.9810874462127686, 0.9791961908340454, 0.9858155846595764, 0.9820330739021301, 0.985342800617218, 0.9754137396812439, 0.9744681119918823, 0.9862884283065796, 0.9782505631446838, 0.9815602898597717, 0.9829787015914917, 0.9815602898597717, 0.9773049354553223, 0.9810874462127686, 0.9806146621704102, 0.9796690344810486, 0.9820330739021301, 0.9806146621704102, 0.9839243292808533, 0.9806146621704102, 0.9858155846595764, 0.9791961908340454, 0.9829787015914917, 0.985342800617218, 0.9829787015914917, 0.9825059175491333, 0.9839243292808533, 0.980141818523407, 0.9806146621704102, 0.9834515452384949, 0.9858155846595764, 0.9810874462127686, 0.9754137396812439, 0.9791961908340454, 0.9796690344810486, 0.9810874462127686, 0.9872340559959412, 0.978723406791687, 0.9825059175491333, 0.9843971729278564, 0.9815602898597717, 0.9806146621704102, 0.9820330739021301, 0.9829787015914917, 0.9768321514129639, 0.9806146621704102, 0.9848699569702148, 0.9744681119918823, 0.9768321514129639, 0.9858155846595764, 0.9834515452384949, 0.9834515452384949, 0.9825059175491333, 0.9820330739021301, 0.9858155846595764, 0.9839243292808533, 0.9810874462127686, 0.9820330739021301, 0.980141818523407, 0.9834515452384949, 0.9829787015914917, 0.9782505631446838, 0.9825059175491333, 0.9829787015914917, 0.9782505631446838, 0.9810874462127686, 0.978723406791687, 0.9820330739021301, 0.9825059175491333, 0.9777777791023254, 0.9820330739021301, 0.9834515452384949, 0.978723406791687, 0.9777777791023254, 0.9862884283065796]",0.71833336353302,0.9816216826438904,0.9760273694992065,0.9760273694992065,0.02160494029521942,0.9794938564300537,0.9825059101654846,0.1124105453491211
64,100,100,0,27,73,"[0.0, 0.0, 0.0, 0.0, 0.0, 0.0, 0.0, 0.0, 0.0, 0.0, 0.0, 0.0, 0.0, 0.0, 0.0, 0.0, 0.0, 0.0, 0.0, 0.0, 0.0, 0.0, 0.0, 0.0, 0.0, 0.0, 0.0, 0.0, 0.0, 0.0, 0.0, 0.0, 0.0, 0.0, 0.0, 0.0, 0.0, 0.0, 0.0, 0.0, 0.0, 0.0, 0.0, 0.0, 0.0, 0.0, 0.0, 0.0, 0.0, 0.0, 0.0, 0.0, 0.0, 0.0, 0.0, 0.0, 0.0, 0.0, 0.0, 0.0, 0.0, 0.0, 0.0, 0.0, 0.0, 0.0, 0.0, 0.0, 0.0, 0.0, 0.0, 0.0, 0.0, 0.0, 0.0, 0.0, 0.0, 0.0, 0.0, 0.0, 0.0, 0.0, 0.0, 0.0, 0.0, 0.0, 0.0, 0.0, 0.0, 0.0, 0.0, 0.0, 0.0, 0.0, 0.0, 0.0, 0.0, 0.0, 0.0, 0.0]","[0.7525613307952881, 0.7896707653999329, 0.6084353923797607, 0.6207058429718018, 0.63975989818573, 0.6091991662979126, 0.7674849033355713, 0.6075060963630676, 0.5641510486602783, 0.5858025550842285, 0.6009436845779419, 0.5681512355804443, 0.5929033756256104, 0.7712283134460449, 0.8106902837753296, 0.5847704410552979, 0.6227332353591919, 0.5877302289009094, 0.5971775054931641, 0.8074485063552856, 0.6240735054016113, 0.8001939058303833, 0.5787467956542969, 0.5860134959220886, 0.6142460107803345, 0.7891868352890015, 0.7865620851516724, 0.6188262701034546, 0.616054892539978, 0.6372360587120056, 0.7744007706642151, 0.5720911026000977, 0.7811415195465088, 0.5830984115600586, 0.7818471193313599, 0.60773104429245, 0.6047737002372742, 0.5890852808952332, 0.6505699157714844, 0.6215709447860718, 0.798450231552124, 0.6173937320709229, 0.6200245022773743, 0.5828437805175781, 0.8074944019317627, 0.6078699231147766, 0.6208447217941284, 0.6363627910614014, 0.6149678826332092, 0.6027875542640686, 0.627152681350708, 0.8545979261398315, 0.6271945834159851, 0.5807353258132935, 0.7823591232299805, 0.7679802179336548, 0.6163170337677002, 0.5842068195343018, 0.6068797707557678, 0.6297057867050171, 0.78968745470047, 0.6238763928413391, 0.6278700828552246, 0.5877821445465088, 0.6070031523704529, 0.7883104085922241, 0.6197695732116699, 0.6061742305755615, 0.5672547221183777, 0.7777566909790039, 0.5901950001716614, 0.60427325963974, 0.5870294570922852, 0.6004859209060669, 0.6354941129684448, 0.5945191979408264, 0.5654039978981018, 0.6088787317276001, 0.6284908056259155, 0.5809296369552612, 0.7758116722106934, 0.837714433670044, 0.6050938367843628, 0.5673654079437256, 0.6070577502250671, 0.6123592853546143, 0.5749357342720032, 0.607433021068573, 0.8027726411819458, 0.6055917143821716, 0.5812392234802246, 0.6223911046981812, 0.7476608753204346, 0.5917076468467712, 0.591846227645874, 0.8005874752998352, 0.7924610376358032, 0.5855488777160645, 0.791088342666626, 0.6227381825447083]",0,set(),"[0.0, 0.0, 1.0, 1.0, 1.0, 1.0, 0.0, 1.0, 1.0, 1.0, 1.0, 1.0, 1.0, 0.0, 0.0, 1.0, 1.0, 1.0, 1.0, 0.0, 1.0, 0.0, 1.0, 1.0, 1.0, 0.0, 0.0, 1.0, 0.9166666865348816, 1.0, 0.0, 1.0, 0.0833333358168602, 1.0, 0.0, 1.0, 0.9166666865348816, 1.0, 1.0, 1.0, 0.0, 1.0, 0.8333333134651184, 1.0, 0.0, 1.0, 1.0, 1.0, 1.0, 1.0, 0.9166666865348816, 0.0, 1.0, 1.0, 0.0, 0.1666666716337204, 1.0, 1.0, 0.9166666865348816, 0.9166666865348816, 0.0, 1.0, 0.9166666865348816, 1.0, 1.0, 0.0, 1.0, 1.0, 1.0, 0.0833333358168602, 1.0, 1.0, 0.9166666865348816, 1.0, 1.0, 1.0, 1.0, 1.0, 1.0, 1.0, 0.0833333358168602, 0.0, 1.0, 1.0, 1.0, 0.9166666865348816, 1.0, 0.9166666865348816, 0.0, 1.0, 1.0, 0.9166666865348816, 0.0833333358168602, 1.0, 1.0, 0.0, 0.0, 1.0, 0.0833333358168602, 1.0]","[0.9730496406555176, 0.9791961908340454, 0.9839243292808533, 0.9862884283065796, 0.9877068400382996, 0.9834515452384949, 0.9768321514129639, 0.9834515452384949, 0.9782505631446838, 0.9810874462127686, 0.9839243292808533, 0.9782505631446838, 0.9782505631446838, 0.9810874462127686, 0.9796690344810486, 0.9777777791023254, 0.9829787015914917, 0.9825059175491333, 0.9782505631446838, 0.9862884283065796, 0.9858155846595764, 0.9848699569702148, 0.9820330739021301, 0.9806146621704102, 0.9843971729278564, 0.9773049354553223, 0.9782505631446838, 0.9834515452384949, 0.9858155846595764, 0.9881796836853027, 0.9791961908340454, 0.9796690344810486, 0.980141818523407, 0.9820330739021301, 0.9754137396812439, 0.9848699569702148, 0.985342800617218, 0.980141818523407, 0.9891253113746643, 0.9858155846595764, 0.9825059175491333, 0.9843971729278564, 0.9862884283065796, 0.9806146621704102, 0.9825059175491333, 0.9825059175491333, 0.9843971729278564, 0.9862884283065796, 0.9834515452384949, 0.9834515452384949, 0.9858155846595764, 0.9914893507957458, 0.9862884283065796, 0.9806146621704102, 0.980141818523407, 0.980141818523407, 0.9862884283065796, 0.9815602898597717, 0.9820330739021301, 0.985342800617218, 0.9810874462127686, 0.9862884283065796, 0.986761212348938, 0.9806146621704102, 0.9839243292808533, 0.9820330739021301, 0.9834515452384949, 0.9834515452384949, 0.9777777791023254, 0.9777777791023254, 0.9815602898597717, 0.9834515452384949, 0.9834515452384949, 0.9829787015914917, 0.9858155846595764, 0.9825059175491333, 0.978723406791687, 0.9858155846595764, 0.985342800617218, 0.9758865237236023, 0.9744681119918823, 0.9843971729278564, 0.9839243292808533, 0.9825059175491333, 0.986761212348938, 0.9848699569702148, 0.9796690344810486, 0.985342800617218, 0.9829787015914917, 0.9768321514129639, 0.9825059175491333, 0.9862884283065796, 0.9777777791023254, 0.9834515452384949, 0.9825059175491333, 0.9825059175491333, 0.9834515452384949, 0.9820330739021301, 0.9768321514129639, 0.9815602898597717]",0.7258333563804626,0.9824019074440002,0.9863013625144958,0.9863013625144958,0.021604938432574272,0.9804220795631409,0.9829787234042553,0.21146297454833984
65,100,100,0,27,73,"[0.0, 0.0, 0.0, 0.0, 0.0, 0.0, 0.0, 0.0, 0.0, 0.0, 0.0, 0.0, 0.0, 0.0, 0.0, 0.0, 0.0, 0.0, 0.0, 0.0, 0.0, 0.0, 0.0, 0.0, 0.0, 0.0, 0.0, 0.0, 0.0, 0.0, 0.0, 0.0, 0.0, 0.0, 0.0, 0.0, 0.0, 0.0, 0.0, 0.0, 0.0, 0.0, 0.0, 0.0, 0.0, 0.0, 0.0, 0.0, 0.0, 0.0, 0.0, 0.0, 0.0, 0.0, 0.0, 0.0, 0.0, 0.0, 0.0, 0.0, 0.0, 0.0, 0.0, 0.0, 0.0, 0.0, 0.0, 0.0, 0.0, 0.0, 0.0, 0.0, 0.0, 0.0, 0.0, 0.0, 0.0, 0.0, 0.0, 0.0, 0.0, 0.0, 0.0, 0.0, 0.0, 0.0, 0.0, 0.0, 0.0, 0.0, 0.0, 0.0, 0.0, 0.0, 0.0, 0.0, 0.0, 0.0, 0.0, 0.0]","[0.6008456945419312, 0.6203955411911011, 0.6044372320175171, 0.6064989566802979, 0.7866387367248535, 0.6043612957000732, 0.5935549736022949, 0.5734460353851318, 0.5808255672454834, 0.6071770787239075, 0.6224572658538818, 0.7927076816558838, 0.6044575572013855, 0.6071039438247681, 0.6127263307571411, 0.6280796527862549, 0.7692869901657104, 0.7799160480499268, 0.7753180265426636, 0.5927950143814087, 0.8307636380195618, 0.8208905458450317, 0.5826544761657715, 0.6408573985099792, 0.6104968786239624, 0.5820032358169556, 0.8070429563522339, 0.8081406354904175, 0.5854443311691284, 0.5978468656539917, 0.80335533618927, 0.6203211545944214, 0.841404914855957, 0.8399007320404053, 0.5995105504989624, 0.5940554738044739, 0.6108964681625366, 0.6243847608566284, 0.7716680765151978, 0.600993812084198, 0.6279889345169067, 0.6252870559692383, 0.5855364799499512, 0.5967683792114258, 0.6099280118942261, 0.8030734658241272, 0.5558772683143616, 0.577793300151825, 0.6212289929389954, 0.619170069694519, 0.7922334671020508, 0.854830265045166, 0.6097490191459656, 0.6277405023574829, 0.6139001846313477, 0.6250619888305664, 0.625287652015686, 0.6075050830841064, 0.7730898857116699, 0.6075501441955566, 0.6027439832687378, 0.5987437963485718, 0.813379168510437, 0.8035175800323486, 0.6247439980506897, 0.6071934103965759, 0.5974717736244202, 0.6145661473274231, 0.609765887260437, 0.5936927795410156, 0.8099977374076843, 0.5996060967445374, 0.6174850463867188, 0.6011859178543091, 0.7890588045120239, 0.5763272047042847, 0.6208292841911316, 0.5860698819160461, 0.791854202747345, 0.7854958772659302, 0.5670902132987976, 0.5781548023223877, 0.5864596366882324, 0.6109378337860107, 0.637117862701416, 0.8121939897537231, 0.6018855571746826, 0.6170116662979126, 0.6022483110427856, 0.6052613258361816, 0.6074418425559998, 0.5923764109611511, 0.5986315608024597, 0.568259596824646, 0.7957621812820435, 0.7493917346000671, 0.6041433811187744, 0.6246477365493774, 0.6398463249206543, 0.8030982613563538]",0,set(),"[1.0, 0.9166666865348816, 1.0, 1.0, 0.0833333358168602, 1.0, 1.0, 1.0, 1.0, 1.0, 0.75, 0.0, 0.9166666865348816, 1.0, 1.0, 1.0, 0.0, 0.0833333358168602, 0.0833333358168602, 0.9166666865348816, 0.0, 0.0, 1.0, 0.9166666865348816, 1.0, 1.0, 0.0, 0.0833333358168602, 1.0, 0.9166666865348816, 0.0, 1.0, 0.0, 0.0, 1.0, 1.0, 1.0, 1.0, 0.0, 0.8333333134651184, 0.9166666865348816, 1.0, 1.0, 1.0, 1.0, 0.0, 1.0, 1.0, 1.0, 1.0, 0.0, 0.0, 1.0, 1.0, 0.9166666865348816, 1.0, 1.0, 0.9166666865348816, 0.0, 0.9166666865348816, 1.0, 1.0, 0.0, 0.0, 0.9166666865348816, 1.0, 1.0, 1.0, 1.0, 1.0, 0.0, 1.0, 0.9166666865348816, 1.0, 0.0833333358168602, 1.0, 0.9166666865348816, 1.0, 0.0, 0.0, 1.0, 1.0, 1.0, 1.0, 1.0, 0.0833333358168602, 1.0, 1.0, 1.0, 1.0, 1.0, 1.0, 1.0, 1.0, 0.0833333358168602, 0.0833333358168602, 1.0, 1.0, 1.0, 0.0]","[0.9839243292808533, 0.9858155846595764, 0.9834515452384949, 0.9829787015914917, 0.9773049354553223, 0.9843971729278564, 0.9791961908340454, 0.9815602898597717, 0.9825059175491333, 0.9839243292808533, 0.9872340559959412, 0.9848699569702148, 0.9858155846595764, 0.9829787015914917, 0.9862884283065796, 0.9872340559959412, 0.9791961908340454, 0.9796690344810486, 0.9768321514129639, 0.9806146621704102, 0.9877068400382996, 0.9862884283065796, 0.9782505631446838, 0.9900709390640259, 0.9858155846595764, 0.9829787015914917, 0.9848699569702148, 0.9829787015914917, 0.9834515452384949, 0.9839243292808533, 0.9791961908340454, 0.986761212348938, 0.9858155846595764, 0.9858155846595764, 0.9858155846595764, 0.9858155846595764, 0.9858155846595764, 0.9872340559959412, 0.9773049354553223, 0.9839243292808533, 0.9877068400382996, 0.9881796836853027, 0.9829787015914917, 0.9834515452384949, 0.985342800617218, 0.985342800617218, 0.9777777791023254, 0.9829787015914917, 0.9877068400382996, 0.9862884283065796, 0.9815602898597717, 0.9900709390640259, 0.9834515452384949, 0.9877068400382996, 0.9782505631446838, 0.9862884283065796, 0.9881796836853027, 0.9839243292808533, 0.9806146621704102, 0.9858155846595764, 0.9858155846595764, 0.9820330739021301, 0.9815602898597717, 0.9829787015914917, 0.9881796836853027, 0.9834515452384949, 0.9820330739021301, 0.9877068400382996, 0.9839243292808533, 0.9782505631446838, 0.9796690344810486, 0.9839243292808533, 0.9862884283065796, 0.980141818523407, 0.980141818523407, 0.9806146621704102, 0.9843971729278564, 0.9820330739021301, 0.9791961908340454, 0.9777777791023254, 0.9825059175491333, 0.9796690344810486, 0.9806146621704102, 0.9858155846595764, 0.9862884283065796, 0.9834515452384949, 0.9839243292808533, 0.9839243292808533, 0.9839243292808533, 0.9806146621704102, 0.9862884283065796, 0.9829787015914917, 0.9810874462127686, 0.9810874462127686, 0.9858155846595764, 0.9782505631446838, 0.9858155846595764, 0.9848699569702148, 0.9877068400382996, 0.9825059175491333]",0.7225000858306885,0.9835649728775024,0.9805936217308044,0.9805936217308044,0.02469135820865631,0.9821031093597412,0.983451536643026,0.21314477920532227
66,100,100,0,31,69,"[0.0, 0.0, 0.0, 0.0, 0.0, 0.0, 0.0, 0.0, 0.0, 0.0, 0.0, 0.0, 0.0, 0.0, 0.0, 0.0, 0.0, 0.0, 0.0, 0.0, 0.0, 0.0, 0.0, 0.0, 0.0, 0.0, 0.0, 0.0, 0.0, 0.0, 0.0, 0.0, 0.0, 0.0, 0.0, 0.0, 0.0, 0.0, 0.0, 0.0, 0.0, 0.0, 0.0, 0.0, 0.0, 0.0, 0.0, 0.0, 0.0, 0.0, 0.0, 0.0, 0.0, 0.0, 0.0, 0.0, 0.0, 0.0, 0.0, 0.0, 0.0, 0.0, 0.0, 0.0, 0.0, 0.0, 0.0, 0.0, 0.0, 0.0, 0.0, 0.0, 0.0, 0.0, 0.0, 0.0, 0.0, 0.0, 0.0, 0.0, 0.0, 0.0, 0.0, 0.0, 0.0, 0.0, 0.0, 0.0, 0.0, 0.0, 0.0, 0.0, 0.0, 0.0, 0.0, 0.0, 0.0, 0.0, 0.0, 0.0]","[0.5718060731887817, 0.5925695300102234, 0.6393678784370422, 0.5688294172286987, 0.5932946801185608, 0.7846447229385376, 0.7944616079330444, 0.6034988164901733, 0.5714380741119385, 0.5847294330596924, 0.603223979473114, 0.5882292985916138, 0.6233152151107788, 0.6184990406036377, 0.7953368425369263, 0.5629098415374756, 0.7955963611602783, 0.8456265926361084, 0.7998689413070679, 0.5910016298294067, 0.7925271987915039, 0.8393200635910034, 0.6261290311813354, 0.6317843198776245, 0.585425615310669, 0.5999858975410461, 0.5913422107696533, 0.6226359605789185, 0.5859932899475098, 0.7717064619064331, 0.823070764541626, 0.6122158169746399, 0.5884082913398743, 0.8240779638290405, 0.8236515522003174, 0.5872020721435547, 0.587517499923706, 0.5831458568572998, 0.6206451654434204, 0.8091018199920654, 0.7872186899185181, 0.6049686670303345, 0.8398152589797974, 0.6005133986473083, 0.6203427314758301, 0.7541903853416443, 0.6139816045761108, 0.6039421558380127, 0.6030212640762329, 0.7480340003967285, 0.5715529918670654, 0.62131667137146, 0.6018899083137512, 0.7960556745529175, 0.6225477457046509, 0.5663159489631653, 0.579643964767456, 0.6036089658737183, 0.6355828046798706, 0.6164144277572632, 0.6063574552536011, 0.5845104455947876, 0.6016017198562622, 0.7955674529075623, 0.7741425037384033, 0.7999147772789001, 0.6007605791091919, 0.6173771023750305, 0.7947596311569214, 0.7916525602340698, 0.6045739054679871, 0.5845461487770081, 0.7914858460426331, 0.5781129598617554, 0.6183443069458008, 0.5918495655059814, 0.6110974550247192, 0.5781878232955933, 0.6156398057937622, 0.6199769973754883, 0.5802726745605469, 0.6179112195968628, 0.8081966638565063, 0.5577455163002014, 0.8288390636444092, 0.5646094083786011, 0.5929073095321655, 0.6148826479911804, 0.5913102626800537, 0.5622018575668335, 0.6270533800125122, 0.8240633010864258, 0.7828700542449951, 0.805822491645813, 0.6244316101074219, 0.792384147644043, 0.8341739773750305, 0.6344060897827148, 0.6279762983322144, 0.6114698648452759]",0,set(),"[1.0, 1.0, 0.9166666865348816, 1.0, 0.9166666865348816, 0.0, 0.0, 1.0, 1.0, 1.0, 0.9166666865348816, 1.0, 1.0, 0.9166666865348816, 0.0, 1.0, 0.0, 0.0, 0.1666666716337204, 1.0, 0.0, 0.0, 1.0, 0.9166666865348816, 1.0, 1.0, 1.0, 1.0, 1.0, 0.0, 0.0, 1.0, 1.0, 0.0, 0.0, 1.0, 1.0, 1.0, 0.9166666865348816, 0.0, 0.0, 1.0, 0.0, 1.0, 1.0, 0.0833333358168602, 1.0, 1.0, 1.0, 0.0833333358168602, 1.0, 1.0, 1.0, 0.0, 1.0, 1.0, 1.0, 0.9166666865348816, 1.0, 1.0, 0.9166666865348816, 1.0, 1.0, 0.0833333358168602, 0.0833333358168602, 0.0, 1.0, 1.0, 0.0, 0.0, 1.0, 1.0, 0.0, 0.9166666865348816, 1.0, 1.0, 1.0, 1.0, 0.9166666865348816, 1.0, 1.0, 0.9166666865348816, 0.0, 1.0, 0.0, 1.0, 1.0, 1.0, 1.0, 1.0, 1.0, 0.0, 0.0, 0.0, 0.9166666865348816, 0.0, 0.0, 0.9166666865348816, 0.9166666865348816, 1.0]","[0.9815602898597717, 0.9782505631446838, 0.9900709390640259, 0.9829787015914917, 0.9834515452384949, 0.9834515452384949, 0.9829787015914917, 0.9862884283065796, 0.980141818523407, 0.9858155846595764, 0.985342800617218, 0.9848699569702148, 0.9848699569702148, 0.9862884283065796, 0.9806146621704102, 0.980141818523407, 0.9858155846595764, 0.9872340559959412, 0.9815602898597717, 0.9815602898597717, 0.9810874462127686, 0.986761212348938, 0.9877068400382996, 0.9877068400382996, 0.9820330739021301, 0.9862884283065796, 0.9815602898597717, 0.986761212348938, 0.9834515452384949, 0.9806146621704102, 0.9834515452384949, 0.9839243292808533, 0.9810874462127686, 0.9848699569702148, 0.9872340559959412, 0.9834515452384949, 0.9829787015914917, 0.9825059175491333, 0.9872340559959412, 0.9829787015914917, 0.9825059175491333, 0.9810874462127686, 0.9877068400382996, 0.9829787015914917, 0.9881796836853027, 0.9763593673706055, 0.986761212348938, 0.9834515452384949, 0.9843971729278564, 0.9773049354553223, 0.9843971729278564, 0.9872340559959412, 0.9862884283065796, 0.9829787015914917, 0.9877068400382996, 0.9839243292808533, 0.9810874462127686, 0.9858155846595764, 0.9862884283065796, 0.986761212348938, 0.9862884283065796, 0.985342800617218, 0.9782505631446838, 0.9810874462127686, 0.9810874462127686, 0.9834515452384949, 0.985342800617218, 0.986761212348938, 0.9839243292808533, 0.9806146621704102, 0.9839243292808533, 0.9839243292808533, 0.9848699569702148, 0.9839243292808533, 0.9877068400382996, 0.9858155846595764, 0.9848699569702148, 0.9834515452384949, 0.9872340559959412, 0.9877068400382996, 0.9815602898597717, 0.9881796836853027, 0.9877068400382996, 0.9829787015914917, 0.9834515452384949, 0.9839243292808533, 0.985342800617218, 0.986761212348938, 0.985342800617218, 0.9796690344810486, 0.9877068400382996, 0.9858155846595764, 0.9815602898597717, 0.9872340559959412, 0.9872340559959412, 0.9829787015914917, 0.9877068400382996, 0.9891253113746643, 0.9877068400382996, 0.9872340559959412]",0.6833333373069763,0.9843499064445496,0.9830918312072754,0.9830918312072754,0.016129031777381897,0.9834515452384949,0.984869976359338,0.11359477043151855
67,100,100,0,31,69,"[0.0, 0.0, 0.0, 0.0, 0.0, 0.0, 0.0, 0.0, 0.0, 0.0, 0.0, 0.0, 0.0, 0.0, 0.0, 0.0, 0.0, 0.0, 0.0, 0.0, 0.0, 0.0, 0.0, 0.0, 0.0, 0.0, 0.0, 0.0, 0.0, 0.0, 0.0, 0.0, 0.0, 0.0, 0.0, 0.0, 0.0, 0.0, 0.0, 0.0, 0.0, 0.0, 0.0, 0.0, 0.0, 0.0, 0.0, 0.0, 0.0, 0.0, 0.0, 0.0, 0.0, 0.0, 0.0, 0.0, 0.0, 0.0, 0.0, 0.0, 0.0, 0.0, 0.0, 0.0, 0.0, 0.0, 0.0, 0.0, 0.0, 0.0, 0.0, 0.0, 0.0, 0.0, 0.0, 0.0, 0.0, 0.0, 0.0, 0.0, 0.0, 0.0, 0.0, 0.0, 0.0, 0.0, 0.0, 0.0, 0.0, 0.0, 0.0, 0.0, 0.0, 0.0, 0.0, 0.0, 0.0, 0.0, 0.0, 0.0]","[0.6353998184204102, 0.5793936252593994, 0.5761395692825317, 0.581614077091217, 0.7672611474990845, 0.806084156036377, 0.6197243332862854, 0.6139699816703796, 0.7673847675323486, 0.6270003914833069, 0.6040036678314209, 0.6217397451400757, 0.5852222442626953, 0.6211564540863037, 0.6057347059249878, 0.7847656011581421, 0.5737848877906799, 0.6117773056030273, 0.7741369009017944, 0.5994549989700317, 0.7902458906173706, 0.7661486864089966, 0.6093677282333374, 0.7907109260559082, 0.5599203109741211, 0.8256176710128784, 0.5916370749473572, 0.8028419017791748, 0.5921255350112915, 0.5928871631622314, 0.7942599058151245, 0.7959994077682495, 0.6062730550765991, 0.5691590905189514, 0.6124310493469238, 0.6241204738616943, 0.6409634351730347, 0.616227388381958, 0.5932741761207581, 0.591871976852417, 0.7824029922485352, 0.5857043266296387, 0.8143168687820435, 0.8004599809646606, 0.611675500869751, 0.6068726181983948, 0.6029255390167236, 0.6111531853675842, 0.5868440866470337, 0.6299413442611694, 0.5815313458442688, 0.6323018074035645, 0.5582119226455688, 0.6013829708099365, 0.8118232488632202, 0.6164388656616211, 0.8266209363937378, 0.5975046753883362, 0.5834850072860718, 0.6055794954299927, 0.6064050197601318, 0.6136786937713623, 0.764761209487915, 0.594897449016571, 0.5726869106292725, 0.6103569865226746, 0.5777987241744995, 0.8182058930397034, 0.7746826410293579, 0.5910049676895142, 0.6208450198173523, 0.7901842594146729, 0.5852178931236267, 0.5946716666221619, 0.7856874465942383, 0.6000694036483765, 0.7865619659423828, 0.5948985815048218, 0.8510216474533081, 0.5836068391799927, 0.6343176364898682, 0.6393735408782959, 0.5916140675544739, 0.5893689393997192, 0.6234719753265381, 0.6369734406471252, 0.802846372127533, 0.8237059116363525, 0.6467773914337158, 0.5884486436843872, 0.6130207777023315, 0.7676122188568115, 0.7770494222640991, 0.6177423000335693, 0.790635347366333, 0.5914355516433716, 0.8108981251716614, 0.5951630473136902, 0.7510711550712585, 0.609826922416687]",0,set(),"[1.0, 1.0, 1.0, 1.0, 0.0833333358168602, 0.0, 0.9166666865348816, 1.0, 0.0, 1.0, 0.9166666865348816, 1.0, 1.0, 1.0, 1.0, 0.0, 1.0, 1.0, 0.0, 1.0, 0.0, 0.0833333358168602, 1.0, 0.0, 1.0, 0.0, 1.0, 0.0, 1.0, 1.0, 0.0, 0.0, 1.0, 0.9166666865348816, 0.9166666865348816, 1.0, 1.0, 0.9166666865348816, 0.9166666865348816, 1.0, 0.0833333358168602, 1.0, 0.0, 0.0833333358168602, 1.0, 1.0, 0.9166666865348816, 1.0, 1.0, 1.0, 1.0, 0.9166666865348816, 1.0, 1.0, 0.0, 1.0, 0.0, 1.0, 0.9166666865348816, 1.0, 1.0, 1.0, 0.0, 1.0, 1.0, 1.0, 0.9166666865348816, 0.0, 0.1666666716337204, 1.0, 1.0, 0.0, 1.0, 1.0, 0.0833333358168602, 1.0, 0.0, 1.0, 0.0833333358168602, 1.0, 1.0, 0.9166666865348816, 0.9166666865348816, 1.0, 1.0, 1.0, 0.1666666716337204, 0.0, 1.0, 1.0, 1.0, 0.0, 0.0833333358168602, 1.0, 0.0, 1.0, 0.0, 1.0, 0.0, 1.0]","[0.9895980954170227, 0.9829787015914917, 0.9825059175491333, 0.9858155846595764, 0.9777777791023254, 0.9858155846595764, 0.9877068400382996, 0.9858155846595764, 0.9829787015914917, 0.9881796836853027, 0.9858155846595764, 0.9858155846595764, 0.986761212348938, 0.9881796836853027, 0.9872340559959412, 0.9825059175491333, 0.9810874462127686, 0.9858155846595764, 0.9810874462127686, 0.9858155846595764, 0.9825059175491333, 0.9773049354553223, 0.9881796836853027, 0.9862884283065796, 0.985342800617218, 0.9872340559959412, 0.985342800617218, 0.9829787015914917, 0.9829787015914917, 0.9839243292808533, 0.9829787015914917, 0.9848699569702148, 0.985342800617218, 0.9820330739021301, 0.986761212348938, 0.9886524677276611, 0.9900709390640259, 0.9872340559959412, 0.9843971729278564, 0.9843971729278564, 0.9777777791023254, 0.9858155846595764, 0.9872340559959412, 0.986761212348938, 0.9877068400382996, 0.9872340559959412, 0.9872340559959412, 0.986761212348938, 0.9858155846595764, 0.9891253113746643, 0.985342800617218, 0.9895980954170227, 0.9829787015914917, 0.985342800617218, 0.9872340559959412, 0.9862884283065796, 0.9862884283065796, 0.9848699569702148, 0.9829787015914917, 0.9843971729278564, 0.986761212348938, 0.9862884283065796, 0.9815602898597717, 0.9839243292808533, 0.9796690344810486, 0.985342800617218, 0.9839243292808533, 0.986761212348938, 0.985342800617218, 0.9843971729278564, 0.986761212348938, 0.9810874462127686, 0.9862884283065796, 0.9858155846595764, 0.9810874462127686, 0.985342800617218, 0.9806146621704102, 0.9839243292808533, 0.9872340559959412, 0.9829787015914917, 0.9862884283065796, 0.9905437231063843, 0.9839243292808533, 0.9848699569702148, 0.9881796836853027, 0.9891253113746643, 0.9829787015914917, 0.9829787015914917, 0.9905437231063843, 0.9858155846595764, 0.9872340559959412, 0.9825059175491333, 0.9829787015914917, 0.9839243292808533, 0.9820330739021301, 0.980141818523407, 0.9848699569702148, 0.9862884283065796, 0.9777777791023254, 0.9872340559959412]",0.6891667246818542,0.985002338886261,0.9855072498321533,0.9855072498321533,0.02956989035010338,0.9832075238227844,0.9862884160756501,0.11186075210571289
68,100,100,0,26,74,"[0.0, 0.0, 0.0, 0.0, 0.0, 0.0, 0.0, 0.0, 0.0, 0.0, 0.0, 0.0, 0.0, 0.0, 0.0, 0.0, 0.0, 0.0, 0.0, 0.0, 0.0, 0.0, 0.0, 0.0, 0.0, 0.0, 0.0, 0.0, 0.0, 0.0, 0.0, 0.0, 0.0, 0.0, 0.0, 0.0, 0.0, 0.0, 0.0, 0.0, 0.0, 0.0, 0.0, 0.0, 0.0, 0.0, 0.0, 0.0, 0.0, 0.0, 0.0, 0.0, 0.0, 0.0, 0.0, 0.0, 0.0, 0.0, 0.0, 0.0, 0.0, 0.0, 0.0, 0.0, 0.0, 0.0, 0.0, 0.0, 0.0, 0.0, 0.0, 0.0, 0.0, 0.0, 0.0, 0.0, 0.0, 0.0, 0.0, 0.0, 0.0, 0.0, 0.0, 0.0, 0.0, 0.0, 0.0, 0.0, 0.0, 0.0, 0.0, 0.0, 0.0, 0.0, 0.0, 0.0, 0.0, 0.0, 0.0, 0.0]","[0.5743627548217773, 0.5959814190864563, 0.7740622758865356, 0.6013134717941284, 0.6284553408622742, 0.7889081239700317, 0.7777543067932129, 0.565718412399292, 0.5972591638565063, 0.579376220703125, 0.8495523929595947, 0.7698171734809875, 0.7990567684173584, 0.6175805330276489, 0.6125075817108154, 0.602471649646759, 0.7595698833465576, 0.6118282079696655, 0.6080338954925537, 0.6184526681900024, 0.6308447122573853, 0.8312771320343018, 0.567551851272583, 0.6000797748565674, 0.6330502033233643, 0.5898451805114746, 0.5788717269897461, 0.636214554309845, 0.6237061023712158, 0.599815845489502, 0.6042895317077637, 0.8182970285415649, 0.5860110521316528, 0.6131569147109985, 0.8007165789604187, 0.5558538436889648, 0.5751197338104248, 0.7999353408813477, 0.8086150884628296, 0.602410078048706, 0.6044316291809082, 0.584890604019165, 0.5764555931091309, 0.5754929780960083, 0.822984516620636, 0.8206514120101929, 0.635200023651123, 0.6164870262145996, 0.6227641105651855, 0.5761888027191162, 0.6155041456222534, 0.5722143054008484, 0.5882430076599121, 0.6174752116203308, 0.5489850044250488, 0.603355348110199, 0.550158679485321, 0.5771951675415039, 0.6277834177017212, 0.6208475828170776, 0.7751295566558838, 0.7825409173965454, 0.5575491189956665, 0.6148107051849365, 0.7871488332748413, 0.6105325222015381, 0.5987978577613831, 0.615561842918396, 0.5696773529052734, 0.6178306341171265, 0.6030357480049133, 0.776296854019165, 0.8106296062469482, 0.7593476176261902, 0.6039609909057617, 0.8158712387084961, 0.5836687088012695, 0.5914493203163147, 0.8397989273071289, 0.60174560546875, 0.5888757705688477, 0.6036074161529541, 0.6049291491508484, 0.6329200863838196, 0.8159548044204712, 0.5928357839584351, 0.6145412921905518, 0.5833848714828491, 0.7760900855064392, 0.5675000548362732, 0.5820440053939819, 0.5896379351615906, 0.7948212623596191, 0.5907882452011108, 0.5760276317596436, 0.5921684503555298, 0.7843146920204163, 0.6007559299468994, 0.5763932466506958, 0.6027354001998901]",0,set(),"[0.9166666865348816, 0.9166666865348816, 0.0, 1.0, 1.0, 0.0, 0.0, 1.0, 1.0, 1.0, 0.0, 0.0833333358168602, 0.0, 1.0, 1.0, 1.0, 0.0833333358168602, 1.0, 1.0, 1.0, 1.0, 0.0, 1.0, 1.0, 1.0, 1.0, 1.0, 1.0, 1.0, 1.0, 0.9166666865348816, 0.0, 1.0, 1.0, 0.0833333358168602, 1.0, 0.9166666865348816, 0.0, 0.0, 0.9166666865348816, 1.0, 1.0, 1.0, 1.0, 0.0, 0.0, 0.9166666865348816, 1.0, 1.0, 0.9166666865348816, 1.0, 1.0, 1.0, 0.9166666865348816, 1.0, 1.0, 1.0, 1.0, 0.9166666865348816, 1.0, 0.0, 0.0, 1.0, 0.9166666865348816, 0.0, 1.0, 1.0, 0.9166666865348816, 1.0, 0.9166666865348816, 1.0, 0.0833333358168602, 0.0, 0.0833333358168602, 1.0, 0.0, 1.0, 1.0, 0.0, 1.0, 1.0, 1.0, 1.0, 1.0, 0.0, 1.0, 1.0, 1.0, 0.0, 1.0, 1.0, 1.0, 0.0, 1.0, 1.0, 1.0, 0.0833333358168602, 0.8333333134651184, 1.0, 0.9166666865348816]","[0.9862884283065796, 0.9877068400382996, 0.9825059175491333, 0.9872340559959412, 0.9891253113746643, 0.980141818523407, 0.980141818523407, 0.9829787015914917, 0.9881796836853027, 0.986761212348938, 0.9877068400382996, 0.9810874462127686, 0.9834515452384949, 0.9881796836853027, 0.986761212348938, 0.9839243292808533, 0.9825059175491333, 0.9881796836853027, 0.9858155846595764, 0.9877068400382996, 0.9881796836853027, 0.9881796836853027, 0.985342800617218, 0.9862884283065796, 0.9862884283065796, 0.9862884283065796, 0.9839243292808533, 0.9881796836853027, 0.9891253113746643, 0.9834515452384949, 0.9858155846595764, 0.9872340559959412, 0.9872340559959412, 0.9877068400382996, 0.9806146621704102, 0.9829787015914917, 0.9848699569702148, 0.985342800617218, 0.986761212348938, 0.9881796836853027, 0.9843971729278564, 0.9843971729278564, 0.9834515452384949, 0.9848699569702148, 0.9877068400382996, 0.986761212348938, 0.9891253113746643, 0.9881796836853027, 0.9891253113746643, 0.986761212348938, 0.9872340559959412, 0.9843971729278564, 0.9872340559959412, 0.9862884283065796, 0.9820330739021301, 0.9872340559959412, 0.9858155846595764, 0.9848699569702148, 0.9886524677276611, 0.9881796836853027, 0.9820330739021301, 0.9834515452384949, 0.9820330739021301, 0.9872340559959412, 0.9872340559959412, 0.9881796836853027, 0.986761212348938, 0.9877068400382996, 0.9848699569702148, 0.9872340559959412, 0.9877068400382996, 0.9843971729278564, 0.9862884283065796, 0.9791961908340454, 0.985342800617218, 0.9858155846595764, 0.985342800617218, 0.9848699569702148, 0.9891253113746643, 0.9834515452384949, 0.986761212348938, 0.9843971729278564, 0.986761212348938, 0.9891253113746643, 0.9877068400382996, 0.9862884283065796, 0.9877068400382996, 0.9877068400382996, 0.9806146621704102, 0.9825059175491333, 0.9829787015914917, 0.9810874462127686, 0.9815602898597717, 0.9834515452384949, 0.9810874462127686, 0.985342800617218, 0.9777777791023254, 0.986761212348938, 0.9834515452384949, 0.9872340559959412]",0.7325000166893005,0.9855366349220276,0.9831081032752991,0.9831081032752991,0.01923076994717121,0.9840515851974487,0.9862884160756501,0.21405363082885742
69,100,100,0,26,74,"[0.0, 0.0, 0.0, 0.0, 0.0, 0.0, 0.0, 0.0, 0.0, 0.0, 0.0, 0.0, 0.0, 0.0, 0.0, 0.0, 0.0, 0.0, 0.0, 0.0, 0.0, 0.0, 0.0, 0.0, 0.0, 0.0, 0.0, 0.0, 0.0, 0.0, 0.0, 0.0, 0.0, 0.0, 0.0, 0.0, 0.0, 0.0, 0.0, 0.0, 0.0, 0.0, 0.0, 0.0, 0.0, 0.0, 0.0, 0.0, 0.0, 0.0, 0.0, 0.0, 0.0, 0.0, 0.0, 0.0, 0.0, 0.0, 0.0, 0.0, 0.0, 0.0, 0.0, 0.0, 0.0, 0.0, 0.0, 0.0, 0.0, 0.0, 0.0, 0.0, 0.0, 0.0, 0.0, 0.0, 0.0, 0.0, 0.0, 0.0, 0.0, 0.0, 0.0, 0.0, 0.0, 0.0, 0.0, 0.0, 0.0, 0.0, 0.0, 0.0, 0.0, 0.0, 0.0, 0.0, 0.0, 0.0, 0.0, 0.0]","[0.8372570276260376, 0.6036182045936584, 0.6133885383605957, 0.5930087566375732, 0.5744998455047607, 0.6273074150085449, 0.5782831311225891, 0.6086693406105042, 0.575197696685791, 0.5998550057411194, 0.5968573689460754, 0.5946992635726929, 0.8041771650314331, 0.7867738008499146, 0.5704439282417297, 0.5980621576309204, 0.7785782814025879, 0.6018688678741455, 0.8320963978767395, 0.8545345067977905, 0.6267975568771362, 0.7760317921638489, 0.8045264482498169, 0.5793447494506836, 0.606089174747467, 0.6111639738082886, 0.8057721853256226, 0.7889981269836426, 0.6203209161758423, 0.5964190363883972, 0.6167013645172119, 0.6165516376495361, 0.5886350274085999, 0.8020268678665161, 0.6251779198646545, 0.5516927242279053, 0.8408864140510559, 0.5825055837631226, 0.5835885405540466, 0.5725135803222656, 0.5996545553207397, 0.8215464353561401, 0.5917160511016846, 0.5748580694198608, 0.6366879940032959, 0.5945020914077759, 0.6044372320175171, 0.5629798173904419, 0.5979371070861816, 0.5913000106811523, 0.6209762692451477, 0.5893541574478149, 0.7772027254104614, 0.6234703660011292, 0.7792632579803467, 0.771941602230072, 0.5991053581237793, 0.6298285126686096, 0.6124373078346252, 0.6038478016853333, 0.8293997049331665, 0.5777894258499146, 0.5749762058258057, 0.613135039806366, 0.5949144959449768, 0.5998975038528442, 0.615297257900238, 0.8310924172401428, 0.5800882577896118, 0.5997312068939209, 0.597427248954773, 0.5881496667861938, 0.5719869136810303, 0.7539550065994263, 0.5529849529266357, 0.5625671148300171, 0.6351243257522583, 0.7768943905830383, 0.5784229040145874, 0.615932047367096, 0.5795527696609497, 0.5784224271774292, 0.5968174934387207, 0.8530081510543823, 0.5549730062484741, 0.5841652750968933, 0.7961655259132385, 0.5994807481765747, 0.5925727486610413, 0.620398759841919, 0.5824965834617615, 0.8348100185394287, 0.5979276299476624, 0.6085044741630554, 0.6194028854370117, 0.8159607648849487, 0.8072934746742249, 0.8190749883651733, 0.5814201831817627, 0.6057643890380859]",0,set(),"[0.0833333358168602, 0.9166666865348816, 0.9166666865348816, 1.0, 1.0, 0.9166666865348816, 1.0, 0.9166666865348816, 1.0, 1.0, 1.0, 0.9166666865348816, 0.0, 0.0833333358168602, 0.9166666865348816, 1.0, 0.0833333358168602, 1.0, 0.0, 0.0, 1.0, 0.0833333358168602, 0.0, 0.9166666865348816, 1.0, 0.9166666865348816, 0.0, 0.0, 1.0, 1.0, 1.0, 0.9166666865348816, 1.0, 0.0, 1.0, 1.0, 0.0, 1.0, 1.0, 1.0, 1.0, 0.0, 1.0, 1.0, 0.9166666865348816, 1.0, 1.0, 1.0, 0.9166666865348816, 1.0, 1.0, 1.0, 0.0, 0.9166666865348816, 0.0833333358168602, 0.0833333358168602, 1.0, 1.0, 1.0, 0.9166666865348816, 0.0, 0.9166666865348816, 1.0, 0.9166666865348816, 1.0, 1.0, 1.0, 0.0, 1.0, 1.0, 1.0, 1.0, 1.0, 0.0833333358168602, 1.0, 1.0, 1.0, 0.0, 1.0, 1.0, 1.0, 1.0, 1.0, 0.0, 1.0, 1.0, 0.0833333358168602, 1.0, 1.0, 1.0, 1.0, 0.0, 1.0, 1.0, 0.9166666865348816, 0.0, 0.0, 0.0, 1.0, 1.0]","[0.9858155846595764, 0.9881796836853027, 0.9872340559959412, 0.9872340559959412, 0.9843971729278564, 0.9900709390640259, 0.985342800617218, 0.9886524677276611, 0.9829787015914917, 0.9862884283065796, 0.9877068400382996, 0.9886524677276611, 0.986761212348938, 0.9834515452384949, 0.9848699569702148, 0.986761212348938, 0.9858155846595764, 0.9881796836853027, 0.986761212348938, 0.9877068400382996, 0.9891253113746643, 0.9858155846595764, 0.9862884283065796, 0.9843971729278564, 0.9877068400382996, 0.9872340559959412, 0.9877068400382996, 0.9872340559959412, 0.9886524677276611, 0.9877068400382996, 0.9881796836853027, 0.9881796836853027, 0.9858155846595764, 0.9829787015914917, 0.9877068400382996, 0.9782505631446838, 0.9877068400382996, 0.9858155846595764, 0.9872340559959412, 0.9862884283065796, 0.9843971729278564, 0.9886524677276611, 0.9862884283065796, 0.9858155846595764, 0.9910165667533875, 0.9877068400382996, 0.9839243292808533, 0.9834515452384949, 0.9872340559959412, 0.986761212348938, 0.9891253113746643, 0.9825059175491333, 0.9829787015914917, 0.9891253113746643, 0.9825059175491333, 0.9825059175491333, 0.9862884283065796, 0.9900709390640259, 0.9886524677276611, 0.9858155846595764, 0.9872340559959412, 0.9858155846595764, 0.9862884283065796, 0.9886524677276611, 0.9815602898597717, 0.9877068400382996, 0.9891253113746643, 0.9877068400382996, 0.9848699569702148, 0.9848699569702148, 0.9886524677276611, 0.9834515452384949, 0.9858155846595764, 0.9791961908340454, 0.9829787015914917, 0.985342800617218, 0.9905437231063843, 0.9877068400382996, 0.9858155846595764, 0.9881796836853027, 0.9862884283065796, 0.9862884283065796, 0.9839243292808533, 0.9877068400382996, 0.9858155846595764, 0.9858155846595764, 0.9858155846595764, 0.9877068400382996, 0.9848699569702148, 0.986761212348938, 0.9862884283065796, 0.9891253113746643, 0.9872340559959412, 0.9872340559959412, 0.9886524677276611, 0.9891253113746643, 0.986761212348938, 0.9858155846595764, 0.9839243292808533, 0.9881796836853027]",0.7333333492279053,0.9864256381988525,0.9819819331169128,0.9819819331169128,0.025641025975346565,0.9860337972640991,0.9862884160756501,0.11243510246276855
70,100,100,0,33,67,"[0.0, 0.0, 0.0, 0.0, 0.0, 0.0, 0.0, 0.0, 0.0, 0.0, 0.0, 0.0, 0.0, 0.0, 0.0, 0.0, 0.0, 0.0, 0.0, 0.0, 0.0, 0.0, 0.0, 0.0, 0.0, 0.0, 0.0, 0.0, 0.0, 0.0, 0.0, 0.0, 0.0, 0.0, 0.0, 0.0, 0.0, 0.0, 0.0, 0.0, 0.0, 0.0, 0.0, 0.0, 0.0, 0.0, 0.0, 0.0, 0.0, 0.0, 0.0, 0.0, 0.0, 0.0, 0.0, 0.0, 0.0, 0.0, 0.0, 0.0, 0.0, 0.0, 0.0, 0.0, 0.0, 0.0, 0.0, 0.0, 0.0, 0.0, 0.0, 0.0, 0.0, 0.0, 0.0, 0.0, 0.0, 0.0, 0.0, 0.0, 0.0, 0.0, 0.0, 0.0, 0.0, 0.0, 0.0, 0.0, 0.0, 0.0, 0.0, 0.0, 0.0, 0.0, 0.0, 0.0, 0.0, 0.0, 0.0, 0.0]","[0.5521686673164368, 0.617256224155426, 0.6052950620651245, 0.6146920323371887, 0.5855643153190613, 0.6065695881843567, 0.5759005546569824, 0.8089019656181335, 0.7797245979309082, 0.7895100116729736, 0.6048824787139893, 0.581658661365509, 0.6033484935760498, 0.8230034708976746, 0.7384970188140869, 0.6126217842102051, 0.590753436088562, 0.6045745611190796, 0.5953338742256165, 0.613717794418335, 0.8094005584716797, 0.606433093547821, 0.5720140337944031, 0.7871867418289185, 0.8039696216583252, 0.6137911081314087, 0.824459433555603, 0.5836126804351807, 0.5784409642219543, 0.615147590637207, 0.5723727941513062, 0.5884653329849243, 0.5724623203277588, 0.5899115800857544, 0.7684346437454224, 0.5720555186271667, 0.8568147420883179, 0.5980244278907776, 0.5972430109977722, 0.6137005090713501, 0.5963212251663208, 0.5854635238647461, 0.5909889340400696, 0.575951337814331, 0.5738692879676819, 0.6133090257644653, 0.5850169658660889, 0.6017361879348755, 0.7730937004089355, 0.6131680011749268, 0.6032484769821167, 0.8247452974319458, 0.6138606071472168, 0.6182124018669128, 0.7632638216018677, 0.5797685384750366, 0.7808188796043396, 0.579072892665863, 0.5804840326309204, 0.8413341045379639, 0.6179323196411133, 0.8013540506362915, 0.6297585964202881, 0.8526909351348877, 0.7808235287666321, 0.5842578411102295, 0.8034248352050781, 0.7619737386703491, 0.5928583145141602, 0.8111679553985596, 0.6110111474990845, 0.5675188302993774, 0.5743247270584106, 0.5837924480438232, 0.589218258857727, 0.6214933395385742, 0.5748095512390137, 0.7870705723762512, 0.7943649291992188, 0.828328013420105, 0.6156152486801147, 0.8338701725006104, 0.6106289029121399, 0.5943219661712646, 0.8045566082000732, 0.8474886417388916, 0.6000114679336548, 0.6295043230056763, 0.7826184034347534, 0.5756170749664307, 0.7801933288574219, 0.5954225063323975, 0.5916270017623901, 0.7785465121269226, 0.6063607335090637, 0.8252663612365723, 0.6092361211776733, 0.5659394264221191, 0.5742050409317017, 0.7981122732162476]",0,set(),"[1.0, 1.0, 1.0, 0.9166666865348816, 0.9166666865348816, 1.0, 1.0, 0.0, 0.0, 0.0833333358168602, 1.0, 1.0, 1.0, 0.0, 0.0833333358168602, 1.0, 1.0, 1.0, 1.0, 0.9166666865348816, 0.0, 1.0, 1.0, 0.0833333358168602, 0.0833333358168602, 1.0, 0.0, 1.0, 1.0, 1.0, 1.0, 1.0, 1.0, 0.9166666865348816, 0.0, 1.0, 0.0, 1.0, 1.0, 0.9166666865348816, 1.0, 1.0, 1.0, 1.0, 1.0, 1.0, 1.0, 1.0, 0.1666666716337204, 0.9166666865348816, 1.0, 0.0, 1.0, 0.9166666865348816, 0.0, 1.0, 0.0833333358168602, 1.0, 1.0, 0.0, 1.0, 0.0, 1.0, 0.0, 0.1666666716337204, 1.0, 0.0, 0.0, 1.0, 0.0, 0.9166666865348816, 1.0, 1.0, 1.0, 0.9166666865348816, 1.0, 1.0, 0.0, 0.0, 0.0833333358168602, 1.0, 0.0, 1.0, 1.0, 0.0, 0.0, 0.9166666865348816, 1.0, 0.0, 1.0, 0.0, 1.0, 0.9166666865348816, 0.0, 1.0, 0.0, 1.0, 1.0, 1.0, 0.0]","[0.9862884283065796, 0.9886524677276611, 0.9886524677276611, 0.9886524677276611, 0.9862884283065796, 0.9886524677276611, 0.9858155846595764, 0.986761212348938, 0.9843971729278564, 0.9858155846595764, 0.9881796836853027, 0.9872340559959412, 0.9881796836853027, 0.9877068400382996, 0.9839243292808533, 0.9877068400382996, 0.9872340559959412, 0.9848699569702148, 0.9881796836853027, 0.9872340559959412, 0.9862884283065796, 0.9881796836853027, 0.985342800617218, 0.9872340559959412, 0.9881796836853027, 0.9886524677276611, 0.9881796836853027, 0.986761212348938, 0.9834515452384949, 0.9891253113746643, 0.9858155846595764, 0.9872340559959412, 0.985342800617218, 0.9881796836853027, 0.9825059175491333, 0.9872340559959412, 0.9877068400382996, 0.9881796836853027, 0.9881796836853027, 0.9872340559959412, 0.9862884283065796, 0.986761212348938, 0.986761212348938, 0.986761212348938, 0.9843971729278564, 0.9900709390640259, 0.986761212348938, 0.986761212348938, 0.9858155846595764, 0.9891253113746643, 0.985342800617218, 0.9886524677276611, 0.9891253113746643, 0.9900709390640259, 0.9820330739021301, 0.9858155846595764, 0.9843971729278564, 0.9872340559959412, 0.985342800617218, 0.9862884283065796, 0.9886524677276611, 0.985342800617218, 0.9872340559959412, 0.9877068400382996, 0.9877068400382996, 0.9877068400382996, 0.986761212348938, 0.9810874462127686, 0.9886524677276611, 0.9862884283065796, 0.9905437231063843, 0.985342800617218, 0.9834515452384949, 0.986761212348938, 0.9881796836853027, 0.9914893507957458, 0.9862884283065796, 0.9829787015914917, 0.9829787015914917, 0.9872340559959412, 0.9900709390640259, 0.986761212348938, 0.9886524677276611, 0.9877068400382996, 0.9848699569702148, 0.9900709390640259, 0.9886524677276611, 0.9905437231063843, 0.9839243292808533, 0.9862884283065796, 0.9829787015914917, 0.9900709390640259, 0.9886524677276611, 0.9862884283065796, 0.9872340559959412, 0.9886524677276611, 0.9886524677276611, 0.9834515452384949, 0.9834515452384949, 0.9839243292808533]",0.6691668033599854,0.9868652820587158,0.9863184690475464,0.9863184690475464,0.02525252476334572,0.9858012199401855,0.9872340425531915,0.20920300483703613
71,100,100,0,29,71,"[0.0, 0.0, 0.0, 0.0, 0.0, 0.0, 0.0, 0.0, 0.0, 0.0, 0.0, 0.0, 0.0, 0.0, 0.0, 0.0, 0.0, 0.0, 0.0, 0.0, 0.0, 0.0, 0.0, 0.0, 0.0, 0.0, 0.0, 0.0, 0.0, 0.0, 0.0, 0.0, 0.0, 0.0, 0.0, 0.0, 0.0, 0.0, 0.0, 0.0, 0.0, 0.0, 0.0, 0.0, 0.0, 0.0, 0.0, 0.0, 0.0, 0.0, 0.0, 0.0, 0.0, 0.0, 0.0, 0.0, 0.0, 0.0, 0.0, 0.0, 0.0, 0.0, 0.0, 0.0, 0.0, 0.0, 0.0, 0.0, 0.0, 0.0, 0.0, 0.0, 0.0, 0.0, 0.0, 0.0, 0.0, 0.0, 0.0, 0.0, 0.0, 0.0, 0.0, 0.0, 0.0, 0.0, 0.0, 0.0, 0.0, 0.0, 0.0, 0.0, 0.0, 0.0, 0.0, 0.0, 0.0, 0.0, 0.0, 0.0]","[0.6194378137588501, 0.8132559061050415, 0.6017881631851196, 0.5684760212898254, 0.8042613863945007, 0.5937769412994385, 0.8629410266876221, 0.5816401243209839, 0.5606037378311157, 0.614540696144104, 0.5701979398727417, 0.806881308555603, 0.5815384387969971, 0.8187794089317322, 0.556782066822052, 0.6030762195587158, 0.6097763776779175, 0.5981042385101318, 0.6026069521903992, 0.8107811212539673, 0.8029247522354126, 0.5711570382118225, 0.5815243124961853, 0.8270744681358337, 0.6027728319168091, 0.8407286405563354, 0.7894408702850342, 0.8126905560493469, 0.6328105926513672, 0.5800125598907471, 0.592682957649231, 0.572604775428772, 0.6050924062728882, 0.7745794057846069, 0.569236159324646, 0.6155269145965576, 0.7822819352149963, 0.8596396446228027, 0.6042098999023438, 0.7992775440216064, 0.5821230411529541, 0.7914981842041016, 0.7696290016174316, 0.5646255016326904, 0.5979794263839722, 0.5947482585906982, 0.5848075151443481, 0.8391505479812622, 0.5957627296447754, 0.5623663663864136, 0.5634627342224121, 0.7957180738449097, 0.8363518714904785, 0.8170349597930908, 0.6063065528869629, 0.6073501110076904, 0.8554722666740417, 0.7813079953193665, 0.8110768795013428, 0.5944004058837891, 0.7894933819770813, 0.7957905530929565, 0.6039602160453796, 0.5818750262260437, 0.5510609149932861, 0.5976241827011108, 0.6162770390510559, 0.5759563446044922, 0.5881960988044739, 0.572330117225647, 0.5772956609725952, 0.5783559083938599, 0.5808414816856384, 0.5812368392944336, 0.5808653831481934, 0.5958719253540039, 0.5989722013473511, 0.6076638698577881, 0.5897799730300903, 0.5555926561355591, 0.5767143368721008, 0.5995802879333496, 0.6252836585044861, 0.6110966205596924, 0.8047225475311279, 0.8473461270332336, 0.5642108917236328, 0.5872609615325928, 0.5808447599411011, 0.6106364727020264, 0.5599587559700012, 0.5811168551445007, 0.7806758880615234, 0.5575758218765259, 0.6175645589828491, 0.5835301876068115, 0.6269940137863159, 0.6319471597671509, 0.6035064458847046, 0.5943981409072876]",0,set(),"[1.0, 0.0, 1.0, 1.0, 0.0, 1.0, 0.0, 1.0, 1.0, 1.0, 1.0, 0.0, 1.0, 0.0, 1.0, 0.9166666865348816, 0.9166666865348816, 1.0, 1.0, 0.0, 0.0, 0.9166666865348816, 1.0, 0.0, 1.0, 0.0, 0.0, 0.1666666716337204, 0.9166666865348816, 1.0, 1.0, 1.0, 1.0, 0.1666666716337204, 1.0, 1.0, 0.0, 0.0, 1.0, 0.0, 1.0, 0.0833333358168602, 0.0833333358168602, 1.0, 1.0, 1.0, 1.0, 0.0, 1.0, 1.0, 1.0, 0.0, 0.0, 0.0833333358168602, 1.0, 1.0, 0.0, 0.0, 0.0, 1.0, 0.0, 0.0833333358168602, 1.0, 1.0, 1.0, 1.0, 0.9166666865348816, 1.0, 1.0, 1.0, 1.0, 1.0, 1.0, 1.0, 1.0, 1.0, 0.9166666865348816, 1.0, 0.9166666865348816, 1.0, 1.0, 1.0, 1.0, 1.0, 0.0, 0.0, 1.0, 1.0, 1.0, 1.0, 1.0, 0.9166666865348816, 0.0, 1.0, 0.9166666865348816, 1.0, 1.0, 1.0, 1.0, 1.0]","[0.9900709390640259, 0.986761212348938, 0.9858155846595764, 0.9858155846595764, 0.9862884283065796, 0.9900709390640259, 0.9877068400382996, 0.9839243292808533, 0.985342800617218, 0.9891253113746643, 0.9843971729278564, 0.9872340559959412, 0.9891253113746643, 0.9877068400382996, 0.9862884283065796, 0.9895980954170227, 0.9886524677276611, 0.986761212348938, 0.9881796836853027, 0.9877068400382996, 0.9877068400382996, 0.9858155846595764, 0.9877068400382996, 0.9877068400382996, 0.9905437231063843, 0.9900709390640259, 0.9862884283065796, 0.9858155846595764, 0.9910165667533875, 0.9877068400382996, 0.9881796836853027, 0.9834515452384949, 0.9886524677276611, 0.9858155846595764, 0.9839243292808533, 0.9881796836853027, 0.9862884283065796, 0.9881796836853027, 0.9900709390640259, 0.9834515452384949, 0.9858155846595764, 0.9815602898597717, 0.9829787015914917, 0.9848699569702148, 0.9886524677276611, 0.9881796836853027, 0.9862884283065796, 0.9895980954170227, 0.9862884283065796, 0.9862884283065796, 0.9834515452384949, 0.9872340559959412, 0.986761212348938, 0.9872340559959412, 0.9886524677276611, 0.9872340559959412, 0.9881796836853027, 0.9848699569702148, 0.986761212348938, 0.9872340559959412, 0.9872340559959412, 0.9858155846595764, 0.9877068400382996, 0.9877068400382996, 0.9834515452384949, 0.9886524677276611, 0.9891253113746643, 0.985342800617218, 0.986761212348938, 0.9862884283065796, 0.9862884283065796, 0.9872340559959412, 0.986761212348938, 0.985342800617218, 0.9881796836853027, 0.9881796836853027, 0.9891253113746643, 0.9881796836853027, 0.9858155846595764, 0.9858155846595764, 0.9862884283065796, 0.9886524677276611, 0.9891253113746643, 0.9881796836853027, 0.9872340559959412, 0.9886524677276611, 0.9839243292808533, 0.9872340559959412, 0.9848699569702148, 0.9881796836853027, 0.9877068400382996, 0.9872340559959412, 0.9881796836853027, 0.9858155846595764, 0.9891253113746643, 0.9872340559959412, 0.991962194442749, 0.9895980954170227, 0.9877068400382996, 0.9872340559959412]",0.7091666460037231,0.9871441721916199,0.9894366264343262,0.9894366264343262,0.02298850379884243,0.9867937564849854,0.9872340425531915,0.21799373626708984
72,100,100,0,31,69,"[0.0, 0.0, 0.0, 0.0, 0.0, 0.0, 0.0, 0.0, 0.0, 0.0, 0.0, 0.0, 0.0, 0.0, 0.0, 0.0, 0.0, 0.0, 0.0, 0.0, 0.0, 0.0, 0.0, 0.0, 0.0, 0.0, 0.0, 0.0, 0.0, 0.0, 0.0, 0.0, 0.0, 0.0, 0.0, 0.0, 0.0, 0.0, 0.0, 0.0, 0.0, 0.0, 0.0, 0.0, 0.0, 0.0, 0.0, 0.0, 0.0, 0.0, 0.0, 0.0, 0.0, 0.0, 0.0, 0.0, 0.0, 0.0, 0.0, 0.0, 0.0, 0.0, 0.0, 0.0, 0.0, 0.0, 0.0, 0.0, 0.0, 0.0, 0.0, 0.0, 0.0, 0.0, 0.0, 0.0, 0.0, 0.0, 0.0, 0.0, 0.0, 0.0, 0.0, 0.0, 0.0, 0.0, 0.0, 0.0, 0.0, 0.0, 0.0, 0.0, 0.0, 0.0, 0.0, 0.0, 0.0, 0.0, 0.0, 0.0]","[0.8035746812820435, 0.8480033874511719, 0.5556162595748901, 0.6088770627975464, 0.5793017745018005, 0.5663096904754639, 0.6151834726333618, 0.5690658092498779, 0.7863484621047974, 0.5688421130180359, 0.5708314776420593, 0.5791031122207642, 0.5941992402076721, 0.5755736827850342, 0.6065541505813599, 0.8402317762374878, 0.5747881531715393, 0.5824162364006042, 0.5897990465164185, 0.5995597839355469, 0.5943396091461182, 0.6080315113067627, 0.782548725605011, 0.8455896377563477, 0.5791643857955933, 0.793593168258667, 0.5685814619064331, 0.5396963357925415, 0.8068121671676636, 0.570131778717041, 0.5680124759674072, 0.6062042713165283, 0.5443980693817139, 0.8209050893783569, 0.7998708486557007, 0.5446991920471191, 0.5943264365196228, 0.5879746675491333, 0.8031188249588013, 0.8410898447036743, 0.5543937683105469, 0.613323450088501, 0.8323174715042114, 0.619849681854248, 0.8466746807098389, 0.5733833909034729, 0.5822567343711853, 0.5878129005432129, 0.8417242169380188, 0.5815442800521851, 0.775282621383667, 0.5670373439788818, 0.5858902931213379, 0.6162354946136475, 0.7984799146652222, 0.5720240473747253, 0.8797707557678223, 0.7960319519042969, 0.5897232294082642, 0.6268436312675476, 0.6016730070114136, 0.6031936407089233, 0.5929474830627441, 0.5948497653007507, 0.59169602394104, 0.5932824611663818, 0.8020346760749817, 0.5913604497909546, 0.8594602942466736, 0.6250131130218506, 0.6038976311683655, 0.8089649677276611, 0.6110355257987976, 0.6004307270050049, 0.7819944620132446, 0.5727312564849854, 0.5897685289382935, 0.7966546416282654, 0.8280681371688843, 0.8176074624061584, 0.6255825757980347, 0.5797643661499023, 0.8537793755531311, 0.6121376752853394, 0.8092526197433472, 0.8426401615142822, 0.5943129062652588, 0.7844462394714355, 0.5771139860153198, 0.59725022315979, 0.6128202676773071, 0.58555006980896, 0.5817011594772339, 0.6061410903930664, 0.8683998584747314, 0.6013616323471069, 0.5792381167411804, 0.5879424810409546, 0.6185174584388733, 0.6273753643035889]",0,set(),"[0.0, 0.0, 1.0, 1.0, 1.0, 0.9166666865348816, 0.9166666865348816, 0.9166666865348816, 0.0, 1.0, 1.0, 1.0, 1.0, 1.0, 0.9166666865348816, 0.0, 1.0, 1.0, 1.0, 1.0, 1.0, 1.0, 0.0, 0.0, 0.9166666865348816, 0.0833333358168602, 1.0, 1.0, 0.0833333358168602, 1.0, 1.0, 1.0, 1.0, 0.0, 0.0833333358168602, 1.0, 1.0, 1.0, 0.0833333358168602, 0.0, 1.0, 1.0, 0.0, 1.0, 0.0833333358168602, 1.0, 1.0, 1.0, 0.0, 1.0, 0.0833333358168602, 1.0, 1.0, 0.9166666865348816, 0.0833333358168602, 1.0, 0.0, 0.0, 1.0, 1.0, 1.0, 1.0, 1.0, 0.9166666865348816, 1.0, 1.0, 0.0, 1.0, 0.0, 0.9166666865348816, 0.9166666865348816, 0.0, 0.9166666865348816, 1.0, 0.0833333358168602, 1.0, 1.0, 0.0, 0.0, 0.0, 1.0, 1.0, 0.0, 1.0, 0.0, 0.0, 1.0, 0.0, 1.0, 1.0, 1.0, 1.0, 1.0, 1.0, 0.0, 1.0, 0.9166666865348816, 0.9166666865348816, 1.0, 0.8333333134651184]","[0.9839243292808533, 0.9881796836853027, 0.986761212348938, 0.9886524677276611, 0.986761212348938, 0.9858155846595764, 0.9895980954170227, 0.9858155846595764, 0.9848699569702148, 0.9872340559959412, 0.986761212348938, 0.986761212348938, 0.9886524677276611, 0.9877068400382996, 0.9891253113746643, 0.9877068400382996, 0.986761212348938, 0.9858155846595764, 0.986761212348938, 0.9886524677276611, 0.9877068400382996, 0.9881796836853027, 0.9858155846595764, 0.9881796836853027, 0.9862884283065796, 0.9820330739021301, 0.9872340559959412, 0.986761212348938, 0.986761212348938, 0.9858155846595764, 0.9858155846595764, 0.9895980954170227, 0.9815602898597717, 0.9877068400382996, 0.9858155846595764, 0.9858155846595764, 0.9886524677276611, 0.9862884283065796, 0.9862884283065796, 0.9877068400382996, 0.986761212348938, 0.9900709390640259, 0.9877068400382996, 0.9905437231063843, 0.9877068400382996, 0.9877068400382996, 0.9858155846595764, 0.9891253113746643, 0.9886524677276611, 0.9872340559959412, 0.9829787015914917, 0.985342800617218, 0.9872340559959412, 0.9886524677276611, 0.9886524677276611, 0.986761212348938, 0.9938534498214722, 0.9862884283065796, 0.9891253113746643, 0.9910165667533875, 0.9877068400382996, 0.9877068400382996, 0.9872340559959412, 0.9891253113746643, 0.9891253113746643, 0.9891253113746643, 0.985342800617218, 0.9886524677276611, 0.9905437231063843, 0.991962194442749, 0.9886524677276611, 0.986761212348938, 0.9900709390640259, 0.9881796836853027, 0.986761212348938, 0.9848699569702148, 0.9872340559959412, 0.9881796836853027, 0.9886524677276611, 0.9877068400382996, 0.9924349784851074, 0.9862884283065796, 0.9905437231063843, 0.9886524677276611, 0.9886524677276611, 0.9886524677276611, 0.9881796836853027, 0.9834515452384949, 0.986761212348938, 0.9886524677276611, 0.9881796836853027, 0.9877068400382996, 0.986761212348938, 0.9891253113746643, 0.9891253113746643, 0.9891253113746643, 0.985342800617218, 0.9881796836853027, 0.9886524677276611, 0.9877068400382996]",0.6850000619888306,0.9875934720039368,0.9830917119979858,0.9830917119979858,0.02150537632405758,0.9872645735740662,0.9877068557919622,0.11219930648803711
73,100,100,0,32,68,"[0.0, 0.0, 0.0, 0.0, 0.0, 0.0, 0.0, 0.0, 0.0, 0.0, 0.0, 0.0, 0.0, 0.0, 0.0, 0.0, 0.0, 0.0, 0.0, 0.0, 0.0, 0.0, 0.0, 0.0, 0.0, 0.0, 0.0, 0.0, 0.0, 0.0, 0.0, 0.0, 0.0, 0.0, 0.0, 0.0, 0.0, 0.0, 0.0, 0.0, 0.0, 0.0, 0.0, 0.0, 0.0, 0.0, 0.0, 0.0, 0.0, 0.0, 0.0, 0.0, 0.0, 0.0, 0.0, 0.0, 0.0, 0.0, 0.0, 0.0, 0.0, 0.0, 0.0, 0.0, 0.0, 0.0, 0.0, 0.0, 0.0, 0.0, 0.0, 0.0, 0.0, 0.0, 0.0, 0.0, 0.0, 0.0, 0.0, 0.0, 0.0, 0.0, 0.0, 0.0, 0.0, 0.0, 0.0, 0.0, 0.0, 0.0, 0.0, 0.0, 0.0, 0.0, 0.0, 0.0, 0.0, 0.0, 0.0, 0.0]","[0.8077226281166077, 0.8679686784744263, 0.5498800277709961, 0.8206584453582764, 0.607374906539917, 0.5770956873893738, 0.6177623271942139, 0.6210146546363831, 0.5709995627403259, 0.5914151072502136, 0.7837924957275391, 0.6102226972579956, 0.560348391532898, 0.6216976642608643, 0.573415994644165, 0.8375687599182129, 0.614846408367157, 0.574459433555603, 0.8174625635147095, 0.8002866506576538, 0.6044801473617554, 0.8256407380104065, 0.834956169128418, 0.5744244456291199, 0.8158390522003174, 0.584494948387146, 0.6001538038253784, 0.5710481405258179, 0.6025744080543518, 0.5824522376060486, 0.5987541675567627, 0.795647919178009, 0.8174650073051453, 0.8620810508728027, 0.5488301515579224, 0.5794510841369629, 0.596498966217041, 0.5700366497039795, 0.5538187026977539, 0.5732455253601074, 0.5944348573684692, 0.5908390283584595, 0.7865962982177734, 0.57842618227005, 0.5840835571289062, 0.8625643849372864, 0.6081140041351318, 0.5467212200164795, 0.5906380414962769, 0.5636633634567261, 0.593052864074707, 0.5880149602890015, 0.8164489269256592, 0.5935883522033691, 0.5911072492599487, 0.5880923271179199, 0.7888624668121338, 0.6162797212600708, 0.7608940005302429, 0.5951337814331055, 0.5955303311347961, 0.5779986381530762, 0.8305485844612122, 0.5769530534744263, 0.5851286053657532, 0.6158742904663086, 0.8005298376083374, 0.590508759021759, 0.585440993309021, 0.8080635070800781, 0.5914566516876221, 0.6064294576644897, 0.5779678821563721, 0.6234558820724487, 0.8042857646942139, 0.5389305353164673, 0.6026486754417419, 0.6065292954444885, 0.7860530018806458, 0.572758138179779, 0.7789163589477539, 0.5748636722564697, 0.8370482921600342, 0.600683867931366, 0.5744845867156982, 0.5806690454483032, 0.8247289657592773, 0.5909633636474609, 0.8361952304840088, 0.843593955039978, 0.6186835765838623, 0.6165480613708496, 0.5754275321960449, 0.7897011041641235, 0.5411074161529541, 0.7705755233764648, 0.5833322405815125, 0.81689453125, 0.7683039903640747, 0.560149073600769]",0,set(),"[0.0, 0.0, 1.0, 0.0, 0.9166666865348816, 1.0, 0.9166666865348816, 1.0, 0.9166666865348816, 1.0, 0.0, 1.0, 1.0, 0.9166666865348816, 1.0, 0.0, 0.9166666865348816, 1.0, 0.1666666716337204, 0.0, 1.0, 0.0, 0.0, 1.0, 0.0, 1.0, 1.0, 1.0, 1.0, 0.9166666865348816, 1.0, 0.0, 0.0, 0.0, 1.0, 1.0, 1.0, 1.0, 1.0, 1.0, 1.0, 1.0, 0.0833333358168602, 1.0, 1.0, 0.0, 1.0, 1.0, 1.0, 1.0, 1.0, 1.0, 0.0, 1.0, 1.0, 1.0, 0.0833333358168602, 0.9166666865348816, 0.0, 1.0, 0.9166666865348816, 1.0, 0.0, 1.0, 1.0, 1.0, 0.0, 1.0, 1.0, 0.0, 0.9166666865348816, 1.0, 1.0, 1.0, 0.0, 1.0, 0.9166666865348816, 1.0, 0.0, 1.0, 0.0833333358168602, 1.0, 0.0, 1.0, 1.0, 1.0, 0.0, 1.0, 0.0, 0.0, 1.0, 1.0, 1.0, 0.0, 1.0, 0.0833333358168602, 1.0, 0.1666666716337204, 0.0833333358168602, 1.0]","[0.9872340559959412, 0.9891253113746643, 0.986761212348938, 0.9872340559959412, 0.9905437231063843, 0.9862884283065796, 0.9905437231063843, 0.9910165667533875, 0.9872340559959412, 0.9881796836853027, 0.9829787015914917, 0.9900709390640259, 0.985342800617218, 0.9910165667533875, 0.9862884283065796, 0.9891253113746643, 0.9886524677276611, 0.9881796836853027, 0.9862884283065796, 0.9877068400382996, 0.9886524677276611, 0.9886524677276611, 0.9886524677276611, 0.9881796836853027, 0.9881796836853027, 0.9886524677276611, 0.9886524677276611, 0.9872340559959412, 0.9891253113746643, 0.9891253113746643, 0.9886524677276611, 0.9881796836853027, 0.9877068400382996, 0.9886524677276611, 0.9872340559959412, 0.9839243292808533, 0.9877068400382996, 0.9872340559959412, 0.9862884283065796, 0.9862884283065796, 0.9895980954170227, 0.9872340559959412, 0.986761212348938, 0.9872340559959412, 0.9872340559959412, 0.991962194442749, 0.9886524677276611, 0.9862884283065796, 0.986761212348938, 0.9862884283065796, 0.9891253113746643, 0.986761212348938, 0.9872340559959412, 0.9881796836853027, 0.9872340559959412, 0.986761212348938, 0.9862884283065796, 0.9891253113746643, 0.9834515452384949, 0.9886524677276611, 0.9900709390640259, 0.9843971729278564, 0.9872340559959412, 0.9862884283065796, 0.9862884283065796, 0.9877068400382996, 0.9858155846595764, 0.9886524677276611, 0.9872340559959412, 0.9858155846595764, 0.9886524677276611, 0.9886524677276611, 0.9881796836853027, 0.9905437231063843, 0.9862884283065796, 0.985342800617218, 0.9886524677276611, 0.9886524677276611, 0.9848699569702148, 0.986761212348938, 0.986761212348938, 0.9862884283065796, 0.9886524677276611, 0.9881796836853027, 0.9895980954170227, 0.9886524677276611, 0.9891253113746643, 0.9872340559959412, 0.9881796836853027, 0.9891253113746643, 0.9924349784851074, 0.9905437231063843, 0.9877068400382996, 0.986761212348938, 0.9872340559959412, 0.9848699569702148, 0.9877068400382996, 0.9862884283065796, 0.985342800617218, 0.9881796836853027]",0.6791666150093079,0.9877257347106934,0.9877451658248901,0.9877451658248901,0.02343750186264515,0.9872044324874878,0.9877068557919622,0.20844268798828125
74,100,100,0,29,71,"[0.0, 0.0, 0.0, 0.0, 0.0, 0.0, 0.0, 0.0, 0.0, 0.0, 0.0, 0.0, 0.0, 0.0, 0.0, 0.0, 0.0, 0.0, 0.0, 0.0, 0.0, 0.0, 0.0, 0.0, 0.0, 0.0, 0.0, 0.0, 0.0, 0.0, 0.0, 0.0, 0.0, 0.0, 0.0, 0.0, 0.0, 0.0, 0.0, 0.0, 0.0, 0.0, 0.0, 0.0, 0.0, 0.0, 0.0, 0.0, 0.0, 0.0, 0.0, 0.0, 0.0, 0.0, 0.0, 0.0, 0.0, 0.0, 0.0, 0.0, 0.0, 0.0, 0.0, 0.0, 0.0, 0.0, 0.0, 0.0, 0.0, 0.0, 0.0, 0.0, 0.0, 0.0, 0.0, 0.0, 0.0, 0.0, 0.0, 0.0, 0.0, 0.0, 0.0, 0.0, 0.0, 0.0, 0.0, 0.0, 0.0, 0.0, 0.0, 0.0, 0.0, 0.0, 0.0, 0.0, 0.0, 0.0, 0.0, 0.0]","[0.6078839302062988, 0.6081260442733765, 0.5754611492156982, 0.6098567247390747, 0.6053354740142822, 0.5762858390808105, 0.5985021591186523, 0.5752390623092651, 0.6111465692520142, 0.5817567110061646, 0.7914793491363525, 0.5932321548461914, 0.5711907148361206, 0.592923641204834, 0.8425897359848022, 0.8103752136230469, 0.8198637962341309, 0.5659259557723999, 0.8223862648010254, 0.6259980201721191, 0.7847719192504883, 0.5902397036552429, 0.6109840869903564, 0.563005268573761, 0.5823245048522949, 0.7828043699264526, 0.5670034885406494, 0.5645239353179932, 0.5830734968185425, 0.7615576982498169, 0.593909502029419, 0.5541313886642456, 0.8122391700744629, 0.5857741832733154, 0.7837153673171997, 0.6272551417350769, 0.5770976543426514, 0.585672914981842, 0.5980029106140137, 0.8028707504272461, 0.6088443398475647, 0.6047484874725342, 0.5647770762443542, 0.5753111839294434, 0.8022147417068481, 0.5597338676452637, 0.5796294212341309, 0.6077711582183838, 0.5759003162384033, 0.8395806550979614, 0.8178291320800781, 0.576300323009491, 0.6113736629486084, 0.593999445438385, 0.7952414155006409, 0.6222188472747803, 0.8768916130065918, 0.5808115601539612, 0.5841495990753174, 0.5885782241821289, 0.5950275659561157, 0.6091322302818298, 0.5975916385650635, 0.8047144412994385, 0.8147832155227661, 0.6149888038635254, 0.6041374206542969, 0.6027337908744812, 0.7972944974899292, 0.8350950479507446, 0.5906231999397278, 0.8059958219528198, 0.561721682548523, 0.8183790445327759, 0.5669692158699036, 0.8196221590042114, 0.777152419090271, 0.581825852394104, 0.5618249177932739, 0.602973461151123, 0.5954322814941406, 0.8300999402999878, 0.8108676075935364, 0.8546500205993652, 0.5805289149284363, 0.5668370723724365, 0.6005716919898987, 0.5621699094772339, 0.5890085697174072, 0.6238377690315247, 0.8081122636795044, 0.5486798286437988, 0.6106339693069458, 0.6019841432571411, 0.6297520399093628, 0.5777888298034668, 0.6060075759887695, 0.6151586771011353, 0.5919315218925476, 0.8022894263267517]",0,set(),"[1.0, 0.9166666865348816, 1.0, 1.0, 1.0, 1.0, 1.0, 1.0, 1.0, 1.0, 0.0833333358168602, 1.0, 1.0, 1.0, 0.0, 0.0, 0.0, 1.0, 0.0, 1.0, 0.0, 1.0, 1.0, 1.0, 1.0, 0.0, 1.0, 1.0, 0.9166666865348816, 0.0833333358168602, 1.0, 1.0, 0.0, 1.0, 0.0, 1.0, 1.0, 1.0, 1.0, 0.0833333358168602, 1.0, 1.0, 1.0, 0.9166666865348816, 0.0, 1.0, 0.9166666865348816, 1.0, 1.0, 0.0, 0.0833333358168602, 1.0, 1.0, 0.9166666865348816, 0.0, 1.0, 0.0, 0.9166666865348816, 1.0, 1.0, 1.0, 1.0, 1.0, 0.0833333358168602, 0.0, 0.9166666865348816, 1.0, 0.9166666865348816, 0.0833333358168602, 0.0, 1.0, 0.0, 1.0, 0.0, 1.0, 0.1666666716337204, 0.0, 1.0, 1.0, 1.0, 0.9166666865348816, 0.0, 0.0, 0.0833333358168602, 1.0, 1.0, 1.0, 1.0, 1.0, 1.0, 0.0, 1.0, 1.0, 1.0, 1.0, 1.0, 1.0, 0.9166666865348816, 1.0, 0.0]","[0.9910165667533875, 0.9881796836853027, 0.9872340559959412, 0.9881796836853027, 0.9895980954170227, 0.9872340559959412, 0.9891253113746643, 0.9881796836853027, 0.9895980954170227, 0.9881796836853027, 0.9858155846595764, 0.9881796836853027, 0.9886524677276611, 0.9895980954170227, 0.9891253113746643, 0.9881796836853027, 0.9881796836853027, 0.9877068400382996, 0.9881796836853027, 0.9924349784851074, 0.9862884283065796, 0.9886524677276611, 0.9905437231063843, 0.9862884283065796, 0.9872340559959412, 0.9848699569702148, 0.9877068400382996, 0.986761212348938, 0.9895980954170227, 0.9834515452384949, 0.9886524677276611, 0.9862884283065796, 0.9862884283065796, 0.9886524677276611, 0.986761212348938, 0.991962194442749, 0.9886524677276611, 0.9862884283065796, 0.9886524677276611, 0.9886524677276611, 0.9900709390640259, 0.9886524677276611, 0.9881796836853027, 0.9886524677276611, 0.9881796836853027, 0.9839243292808533, 0.9862884283065796, 0.9895980954170227, 0.9891253113746643, 0.9881796836853027, 0.9895980954170227, 0.9886524677276611, 0.9891253113746643, 0.9900709390640259, 0.986761212348938, 0.9905437231063843, 0.9886524677276611, 0.9891253113746643, 0.9872340559959412, 0.9905437231063843, 0.9891253113746643, 0.9891253113746643, 0.9905437231063843, 0.9877068400382996, 0.9872340559959412, 0.9895980954170227, 0.9891253113746643, 0.9895980954170227, 0.9862884283065796, 0.9905437231063843, 0.9877068400382996, 0.9881796836853027, 0.9862884283065796, 0.9881796836853027, 0.9877068400382996, 0.9862884283065796, 0.986761212348938, 0.9877068400382996, 0.9877068400382996, 0.9886524677276611, 0.9891253113746643, 0.9881796836853027, 0.9877068400382996, 0.9895980954170227, 0.9848699569702148, 0.9872340559959412, 0.9905437231063843, 0.986761212348938, 0.9886524677276611, 0.9910165667533875, 0.9843971729278564, 0.9877068400382996, 0.9872340559959412, 0.9886524677276611, 0.9914893507957458, 0.985342800617218, 0.9886524677276611, 0.9910165667533875, 0.9881796836853027, 0.9881796836853027]",0.7091666460037231,0.9882458448410034,0.9882630109786987,0.9882630109786987,0.0258620698004961,0.9874622821807861,0.9886524822695035,0.21120858192443848
75,100,100,0,34,66,"[0.0, 0.0, 0.0, 0.0, 0.0, 0.0, 0.0, 0.0, 0.0, 0.0, 0.0, 0.0, 0.0, 0.0, 0.0, 0.0, 0.0, 0.0, 0.0, 0.0, 0.0, 0.0, 0.0, 0.0, 0.0, 0.0, 0.0, 0.0, 0.0, 0.0, 0.0, 0.0, 0.0, 0.0, 0.0, 0.0, 0.0, 0.0, 0.0, 0.0, 0.0, 0.0, 0.0, 0.0, 0.0, 0.0, 0.0, 0.0, 0.0, 0.0, 0.0, 0.0, 0.0, 0.0, 0.0, 0.0, 0.0, 0.0, 0.0, 0.0, 0.0, 0.0, 0.0, 0.0, 0.0, 0.0, 0.0, 0.0, 0.0, 0.0, 0.0, 0.0, 0.0, 0.0, 0.0, 0.0, 0.0, 0.0, 0.0, 0.0, 0.0, 0.0, 0.0, 0.0, 0.0, 0.0, 0.0, 0.0, 0.0, 0.0, 0.0, 0.0, 0.0, 0.0, 0.0, 0.0, 0.0, 0.0, 0.0, 0.0]","[0.5540112257003784, 0.5464518070220947, 0.5868748426437378, 0.6099940538406372, 0.603201150894165, 0.613597571849823, 0.5938676595687866, 0.5577108860015869, 0.5622507333755493, 0.5881720185279846, 0.8426003456115723, 0.5735093355178833, 0.5789210796356201, 0.5776878595352173, 0.606432318687439, 0.5822174549102783, 0.6009014844894409, 0.5802972912788391, 0.6222450733184814, 0.7891855835914612, 0.5759509801864624, 0.6038227677345276, 0.8450391292572021, 0.5726062059402466, 0.7734497785568237, 0.543224573135376, 0.823445200920105, 0.5543707609176636, 0.8178936243057251, 0.8160240650177002, 0.7940835952758789, 0.5317318439483643, 0.5994774103164673, 0.87856525182724, 0.8565930128097534, 0.5686568021774292, 0.5966888666152954, 0.5651836395263672, 0.7805514335632324, 0.606052577495575, 0.6010977029800415, 0.6222918033599854, 0.7851477861404419, 0.6049752831459045, 0.5983309745788574, 0.589722752571106, 0.6055359840393066, 0.8379830718040466, 0.6030915379524231, 0.597406268119812, 0.785210132598877, 0.8221688270568848, 0.5405576229095459, 0.8290276527404785, 0.5797771215438843, 0.5688206553459167, 0.5865478515625, 0.8249810934066772, 0.5892921686172485, 0.5799505710601807, 0.8488730192184448, 0.821853756904602, 0.7766242027282715, 0.8615782260894775, 0.5796968936920166, 0.5637648105621338, 0.595905065536499, 0.7791107892990112, 0.7876888513565063, 0.6047391295433044, 0.5920273065567017, 0.7972973585128784, 0.5884013772010803, 0.603024959564209, 0.601460337638855, 0.5597335696220398, 0.8184370994567871, 0.5783855319023132, 0.8050796985626221, 0.5648250579833984, 0.6032524108886719, 0.8631712794303894, 0.5999481081962585, 0.8132954835891724, 0.6075057983398438, 0.8557651042938232, 0.5457854270935059, 0.8689228296279907, 0.8125718235969543, 0.6226392984390259, 0.5739038586616516, 0.5626785159111023, 0.8491060733795166, 0.7940739393234253, 0.8292186260223389, 0.5622531771659851, 0.5809149742126465, 0.5753833055496216, 0.6064779758453369, 0.564409077167511]",0,set(),"[1.0, 1.0, 1.0, 0.9166666865348816, 1.0, 0.9166666865348816, 1.0, 1.0, 1.0, 1.0, 0.0, 1.0, 0.9166666865348816, 0.9166666865348816, 1.0, 1.0, 1.0, 1.0, 1.0, 0.0, 1.0, 1.0, 0.0, 1.0, 0.1666666716337204, 1.0, 0.0, 1.0, 0.0, 0.0, 0.0, 1.0, 0.9166666865348816, 0.0, 0.0, 1.0, 1.0, 1.0, 0.0833333358168602, 1.0, 1.0, 1.0, 0.0, 1.0, 1.0, 1.0, 0.9166666865348816, 0.0, 0.9166666865348816, 1.0, 0.0, 0.0, 1.0, 0.0, 1.0, 1.0, 1.0, 0.0, 1.0, 1.0, 0.0, 0.0, 0.0833333358168602, 0.0, 1.0, 1.0, 1.0, 0.0, 0.0833333358168602, 1.0, 1.0, 0.0833333358168602, 0.9166666865348816, 1.0, 1.0, 1.0, 0.0, 1.0, 0.0, 1.0, 1.0, 0.0, 1.0, 0.0, 1.0, 0.0, 1.0, 0.0, 0.0833333358168602, 1.0, 1.0, 1.0, 0.0, 0.0, 0.0, 1.0, 0.9166666865348816, 1.0, 0.9166666865348816, 1.0]","[0.9872340559959412, 0.9881796836853027, 0.9895980954170227, 0.9905437231063843, 0.9891253113746643, 0.9914893507957458, 0.9900709390640259, 0.9862884283065796, 0.9886524677276611, 0.9910165667533875, 0.9886524677276611, 0.9877068400382996, 0.9891253113746643, 0.986761212348938, 0.9895980954170227, 0.9881796836853027, 0.9891253113746643, 0.9886524677276611, 0.9914893507957458, 0.986761212348938, 0.9891253113746643, 0.9900709390640259, 0.9891253113746643, 0.9886524677276611, 0.9858155846595764, 0.9872340559959412, 0.9881796836853027, 0.9848699569702148, 0.9895980954170227, 0.986761212348938, 0.9862884283065796, 0.985342800617218, 0.9891253113746643, 0.9929078221321106, 0.9891253113746643, 0.985342800617218, 0.9886524677276611, 0.9881796836853027, 0.9848699569702148, 0.9900709390640259, 0.9886524677276611, 0.9929078221321106, 0.9858155846595764, 0.9891253113746643, 0.9900709390640259, 0.9891253113746643, 0.9886524677276611, 0.9900709390640259, 0.991962194442749, 0.9910165667533875, 0.9862884283065796, 0.9910165667533875, 0.985342800617218, 0.9886524677276611, 0.9886524677276611, 0.9877068400382996, 0.9900709390640259, 0.9886524677276611, 0.9881796836853027, 0.9900709390640259, 0.9886524677276611, 0.9872340559959412, 0.9848699569702148, 0.9881796836853027, 0.9886524677276611, 0.9891253113746643, 0.9905437231063843, 0.986761212348938, 0.9877068400382996, 0.9905437231063843, 0.9895980954170227, 0.9872340559959412, 0.9900709390640259, 0.9895980954170227, 0.9900709390640259, 0.9881796836853027, 0.9862884283065796, 0.9891253113746643, 0.9862884283065796, 0.9862884283065796, 0.9891253113746643, 0.991962194442749, 0.9886524677276611, 0.9886524677276611, 0.9900709390640259, 0.9881796836853027, 0.9872340559959412, 0.9924349784851074, 0.9872340559959412, 0.9924349784851074, 0.9891253113746643, 0.9886524677276611, 0.9886524677276611, 0.986761212348938, 0.9886524677276611, 0.9877068400382996, 0.9886524677276611, 0.9891253113746643, 0.9910165667533875, 0.9877068400382996]",0.6575000286102295,0.9886667132377625,0.9873738288879395,0.9873738288879395,0.01715686172246933,0.9880684018135071,0.9886524822695035,0.11320924758911133
76,100,100,0,32,68,"[0.0, 0.0, 0.0, 0.0, 0.0, 0.0, 0.0, 0.0, 0.0, 0.0, 0.0, 0.0, 0.0, 0.0, 0.0, 0.0, 0.0, 0.0, 0.0, 0.0, 0.0, 0.0, 0.0, 0.0, 0.0, 0.0, 0.0, 0.0, 0.0, 0.0, 0.0, 0.0, 0.0, 0.0, 0.0, 0.0, 0.0, 0.0, 0.0, 0.0, 0.0, 0.0, 0.0, 0.0, 0.0, 0.0, 0.0, 0.0, 0.0, 0.0, 0.0, 0.0, 0.0, 0.0, 0.0, 0.0, 0.0, 0.0, 0.0, 0.0, 0.0, 0.0, 0.0, 0.0, 0.0, 0.0, 0.0, 0.0, 0.0, 0.0, 0.0, 0.0, 0.0, 0.0, 0.0, 0.0, 0.0, 0.0, 0.0, 0.0, 0.0, 0.0, 0.0, 0.0, 0.0, 0.0, 0.0, 0.0, 0.0, 0.0, 0.0, 0.0, 0.0, 0.0, 0.0, 0.0, 0.0, 0.0, 0.0, 0.0]","[0.5889530181884766, 0.6095575094223022, 0.8184046745300293, 0.5899540781974792, 0.5869791507720947, 0.8711154460906982, 0.5608806014060974, 0.5473679304122925, 0.8197038173675537, 0.5960507392883301, 0.5550035238265991, 0.5863834619522095, 0.5999378561973572, 0.5946698188781738, 0.5917662382125854, 0.548862099647522, 0.6168259382247925, 0.8039259910583496, 0.5760025382041931, 0.5753148794174194, 0.8357609510421753, 0.8359907865524292, 0.5918227434158325, 0.5942665338516235, 0.8509359359741211, 0.8154705762863159, 0.8385274410247803, 0.8328920006752014, 0.8018219470977783, 0.7602145671844482, 0.5902231931686401, 0.5517034530639648, 0.6000637412071228, 0.5724911093711853, 0.6059322357177734, 0.6123925447463989, 0.5726998448371887, 0.5936964750289917, 0.6196862459182739, 0.5426567196846008, 0.5607458353042603, 0.5810856223106384, 0.5779898166656494, 0.5768816471099854, 0.5689996480941772, 0.6235706806182861, 0.5911730527877808, 0.5531038641929626, 0.7729160189628601, 0.5540047883987427, 0.5860521793365479, 0.584206223487854, 0.7998408675193787, 0.7655900120735168, 0.7916280031204224, 0.8070104122161865, 0.623347282409668, 0.5782363414764404, 0.5605355501174927, 0.5348501205444336, 0.5996716022491455, 0.5776388645172119, 0.8016302585601807, 0.797294020652771, 0.570043683052063, 0.5751743316650391, 0.5916970372200012, 0.5943214297294617, 0.5956903696060181, 0.8083237409591675, 0.6091597080230713, 0.5895035862922668, 0.5862928032875061, 0.8452911376953125, 0.5879330635070801, 0.8375158309936523, 0.5802969932556152, 0.8203155398368835, 0.7905134558677673, 0.6141728162765503, 0.5975171327590942, 0.859038233757019, 0.6098136901855469, 0.7957190275192261, 0.5451127290725708, 0.6016354560852051, 0.6023955941200256, 0.5660457611083984, 0.540519118309021, 0.847213625907898, 0.5804736614227295, 0.5646519660949707, 0.6227506399154663, 0.5720465779304504, 0.8742603063583374, 0.83003830909729, 0.8191049098968506, 0.5656788349151611, 0.8392133712768555, 0.7721294164657593]",0,set(),"[0.9166666865348816, 1.0, 0.0, 1.0, 1.0, 0.0, 1.0, 1.0, 0.0, 0.9166666865348816, 1.0, 1.0, 0.9166666865348816, 1.0, 1.0, 1.0, 1.0, 0.0, 1.0, 0.9166666865348816, 0.0, 0.0, 1.0, 1.0, 0.0, 0.0, 0.0, 0.0, 0.1666666716337204, 0.1666666716337204, 1.0, 1.0, 1.0, 1.0, 1.0, 0.9166666865348816, 1.0, 1.0, 1.0, 1.0, 1.0, 1.0, 1.0, 1.0, 1.0, 1.0, 1.0, 1.0, 0.0, 1.0, 0.9166666865348816, 1.0, 0.0, 0.0, 0.0, 0.0, 0.8333333134651184, 1.0, 1.0, 1.0, 0.9166666865348816, 1.0, 0.0, 0.0833333358168602, 1.0, 1.0, 1.0, 1.0, 1.0, 0.0833333358168602, 0.9166666865348816, 1.0, 1.0, 0.0, 0.9166666865348816, 0.0, 1.0, 0.0, 0.0833333358168602, 1.0, 1.0, 0.0, 1.0, 0.0, 1.0, 0.9166666865348816, 1.0, 1.0, 1.0, 0.0, 1.0, 1.0, 0.8333333134651184, 1.0, 0.0, 0.0833333358168602, 0.0, 0.9166666865348816, 0.0, 0.0]","[0.9881796836853027, 0.9910165667533875, 0.9881796836853027, 0.9886524677276611, 0.9886524677276611, 0.9900709390640259, 0.9862884283065796, 0.9877068400382996, 0.9900709390640259, 0.9891253113746643, 0.985342800617218, 0.9886524677276611, 0.9895980954170227, 0.9905437231063843, 0.9910165667533875, 0.9886524677276611, 0.993380606174469, 0.9891253113746643, 0.9877068400382996, 0.9881796836853027, 0.9886524677276611, 0.9891253113746643, 0.9886524677276611, 0.9910165667533875, 0.9886524677276611, 0.9881796836853027, 0.9881796836853027, 0.9881796836853027, 0.9895980954170227, 0.9858155846595764, 0.9881796836853027, 0.9877068400382996, 0.9910165667533875, 0.9872340559959412, 0.9910165667533875, 0.991962194442749, 0.9881796836853027, 0.9895980954170227, 0.993380606174469, 0.9881796836853027, 0.9877068400382996, 0.9877068400382996, 0.9886524677276611, 0.9877068400382996, 0.9910165667533875, 0.993380606174469, 0.9910165667533875, 0.985342800617218, 0.985342800617218, 0.9872340559959412, 0.9891253113746643, 0.9886524677276611, 0.9886524677276611, 0.9858155846595764, 0.9891253113746643, 0.986761212348938, 0.993380606174469, 0.9891253113746643, 0.9886524677276611, 0.9877068400382996, 0.9914893507957458, 0.9891253113746643, 0.9895980954170227, 0.9858155846595764, 0.9886524677276611, 0.9872340559959412, 0.9910165667533875, 0.9891253113746643, 0.9895980954170227, 0.986761212348938, 0.9910165667533875, 0.9910165667533875, 0.9881796836853027, 0.9905437231063843, 0.9910165667533875, 0.9900709390640259, 0.9891253113746643, 0.9905437231063843, 0.9862884283065796, 0.991962194442749, 0.9891253113746643, 0.9891253113746643, 0.9914893507957458, 0.986761212348938, 0.9881796836853027, 0.9924349784851074, 0.9910165667533875, 0.9886524677276611, 0.9877068400382996, 0.9905437231063843, 0.9895980954170227, 0.9886524677276611, 0.9891253113746643, 0.9881796836853027, 0.9929078221321106, 0.9886524677276611, 0.9862884283065796, 0.9881796836853027, 0.9900709390640259, 0.9848699569702148]",0.674166738986969,0.9890449643135071,0.9816176295280457,0.9816176295280457,0.0208333320915699,0.9883865118026733,0.9886524822695035,0.2272658348083496
77,100,100,0,31,69,"[0.0, 0.0, 0.0, 0.0, 0.0, 0.0, 0.0, 0.0, 0.0, 0.0, 0.0, 0.0, 0.0, 0.0, 0.0, 0.0, 0.0, 0.0, 0.0, 0.0, 0.0, 0.0, 0.0, 0.0, 0.0, 0.0, 0.0, 0.0, 0.0, 0.0, 0.0, 0.0, 0.0, 0.0, 0.0, 0.0, 0.0, 0.0, 0.0, 0.0, 0.0, 0.0, 0.0, 0.0, 0.0, 0.0, 0.0, 0.0, 0.0, 0.0, 0.0, 0.0, 0.0, 0.0, 0.0, 0.0, 0.0, 0.0, 0.0, 0.0, 0.0, 0.0, 0.0, 0.0, 0.0, 0.0, 0.0, 0.0, 0.0, 0.0, 0.0, 0.0, 0.0, 0.0, 0.0, 0.0, 0.0, 0.0, 0.0, 0.0, 0.0, 0.0, 0.0, 0.0, 0.0, 0.0, 0.0, 0.0, 0.0, 0.0, 0.0, 0.0, 0.0, 0.0, 0.0, 0.0, 0.0, 0.0, 0.0, 0.0]","[0.827933132648468, 0.5692441463470459, 0.803970456123352, 0.5765018463134766, 0.6019988059997559, 0.8451467752456665, 0.5759304761886597, 0.5754332542419434, 0.7990447282791138, 0.5996295213699341, 0.7881546020507812, 0.5907771587371826, 0.5528018474578857, 0.5771927833557129, 0.5862763524055481, 0.6029901504516602, 0.5759005546569824, 0.5717637538909912, 0.5835230350494385, 0.5764391422271729, 0.8200619220733643, 0.5815098881721497, 0.5954844355583191, 0.7748547792434692, 0.5676320791244507, 0.5806425213813782, 0.6064822673797607, 0.5854962468147278, 0.564149022102356, 0.5710943937301636, 0.6016674637794495, 0.5795469880104065, 0.8262730836868286, 0.5562922358512878, 0.5941566824913025, 0.5774861574172974, 0.8552881479263306, 0.8283556699752808, 0.534893274307251, 0.6110137701034546, 0.5883769392967224, 0.5598791837692261, 0.8809421062469482, 0.8243110179901123, 0.7920420169830322, 0.6222140789031982, 0.8114641904830933, 0.6044161319732666, 0.621963620185852, 0.5704196095466614, 0.8485420942306519, 0.6069296598434448, 0.588422954082489, 0.584509551525116, 0.6232931613922119, 0.5668449401855469, 0.5816261768341064, 0.5618948340415955, 0.558985710144043, 0.581477701663971, 0.6343768239021301, 0.7803710699081421, 0.5476206541061401, 0.6183418035507202, 0.8184784054756165, 0.5741541981697083, 0.6110247373580933, 0.5923799276351929, 0.8059521317481995, 0.5770423412322998, 0.6008522510528564, 0.6192631125450134, 0.7867403626441956, 0.8320474624633789, 0.6216973662376404, 0.5852958559989929, 0.5895926356315613, 0.8212652802467346, 0.6096117496490479, 0.5703494548797607, 0.8346680998802185, 0.7938160300254822, 0.8320735096931458, 0.6014226078987122, 0.5799208879470825, 0.6139136552810669, 0.7991944551467896, 0.5701459050178528, 0.812491238117218, 0.8160724639892578, 0.5862815976142883, 0.8020389676094055, 0.8065625429153442, 0.5601215958595276, 0.820765495300293, 0.6031389236450195, 0.5552294850349426, 0.5608797073364258, 0.8353710174560547, 0.5791189670562744]",0,set(),"[0.0, 1.0, 0.0, 1.0, 1.0, 0.0, 1.0, 1.0, 0.0, 1.0, 0.0, 1.0, 1.0, 1.0, 1.0, 0.9166666865348816, 1.0, 1.0, 1.0, 1.0, 0.0, 1.0, 0.9166666865348816, 0.0833333358168602, 1.0, 1.0, 1.0, 1.0, 1.0, 1.0, 0.9166666865348816, 1.0, 0.0833333358168602, 1.0, 1.0, 1.0, 0.0, 0.0, 1.0, 1.0, 1.0, 1.0, 0.0, 0.0, 0.1666666716337204, 0.8333333134651184, 0.0, 1.0, 1.0, 1.0, 0.0, 1.0, 1.0, 1.0, 0.9166666865348816, 1.0, 1.0, 1.0, 1.0, 1.0, 1.0, 0.0, 1.0, 1.0, 0.0833333358168602, 1.0, 0.9166666865348816, 1.0, 0.0, 1.0, 0.9166666865348816, 1.0, 0.0833333358168602, 0.0, 1.0, 1.0, 1.0, 0.0, 1.0, 1.0, 0.0, 0.0833333358168602, 0.0, 0.9166666865348816, 0.9166666865348816, 1.0, 0.0833333358168602, 1.0, 0.0, 0.0833333358168602, 1.0, 0.0, 0.0833333358168602, 0.9166666865348816, 0.0833333358168602, 1.0, 1.0, 1.0, 0.0, 1.0]","[0.9886524677276611, 0.9891253113746643, 0.9872340559959412, 0.9891253113746643, 0.991962194442749, 0.9891253113746643, 0.9895980954170227, 0.9881796836853027, 0.9877068400382996, 0.9895980954170227, 0.9862884283065796, 0.9914893507957458, 0.9862884283065796, 0.9881796836853027, 0.9914893507957458, 0.993380606174469, 0.9877068400382996, 0.9891253113746643, 0.9891253113746643, 0.9886524677276611, 0.9886524677276611, 0.9900709390640259, 0.9914893507957458, 0.9858155846595764, 0.9881796836853027, 0.9891253113746643, 0.9881796836853027, 0.9905437231063843, 0.9886524677276611, 0.9881796836853027, 0.9910165667533875, 0.9891253113746643, 0.9881796836853027, 0.9877068400382996, 0.9881796836853027, 0.9910165667533875, 0.9929078221321106, 0.9881796836853027, 0.9862884283065796, 0.9914893507957458, 0.9895980954170227, 0.9886524677276611, 0.9929078221321106, 0.9900709390640259, 0.9877068400382996, 0.9938534498214722, 0.9886524677276611, 0.9914893507957458, 0.9938534498214722, 0.9881796836853027, 0.9886524677276611, 0.993380606174469, 0.9891253113746643, 0.9900709390640259, 0.9914893507957458, 0.9877068400382996, 0.9881796836853027, 0.9891253113746643, 0.9886524677276611, 0.9910165667533875, 0.9943262338638306, 0.9862884283065796, 0.9891253113746643, 0.9929078221321106, 0.9905437231063843, 0.9886524677276611, 0.991962194442749, 0.9914893507957458, 0.9891253113746643, 0.9886524677276611, 0.9924349784851074, 0.9924349784851074, 0.9862884283065796, 0.9891253113746643, 0.9891253113746643, 0.9891253113746643, 0.9910165667533875, 0.9891253113746643, 0.9929078221321106, 0.9910165667533875, 0.9900709390640259, 0.9891253113746643, 0.9891253113746643, 0.9910165667533875, 0.9886524677276611, 0.9910165667533875, 0.9891253113746643, 0.9877068400382996, 0.9886524677276611, 0.9886524677276611, 0.9886524677276611, 0.9891253113746643, 0.9877068400382996, 0.9872340559959412, 0.9877068400382996, 0.9910165667533875, 0.9872340559959412, 0.9891253113746643, 0.9886524677276611, 0.9914893507957458]",0.6899999976158142,0.9895412921905518,0.9867150187492371,0.9867150187492371,0.029569892212748528,0.9886829257011414,0.9891252955082742,0.21142578125
78,100,100,0,21,79,"[0.0, 0.0, 0.0, 0.0, 0.0, 0.0, 0.0, 0.0, 0.0, 0.0, 0.0, 0.0, 0.0, 0.0, 0.0, 0.0, 0.0, 0.0, 0.0, 0.0, 0.0, 0.0, 0.0, 0.0, 0.0, 0.0, 0.0, 0.0, 0.0, 0.0, 0.0, 0.0, 0.0, 0.0, 0.0, 0.0, 0.0, 0.0, 0.0, 0.0, 0.0, 0.0, 0.0, 0.0, 0.0, 0.0, 0.0, 0.0, 0.0, 0.0, 0.0, 0.0, 0.0, 0.0, 0.0, 0.0, 0.0, 0.0, 0.0, 0.0, 0.0, 0.0, 0.0, 0.0, 0.0, 0.0, 0.0, 0.0, 0.0, 0.0, 0.0, 0.0, 0.0, 0.0, 0.0, 0.0, 0.0, 0.0, 0.0, 0.0, 0.0, 0.0, 0.0, 0.0, 0.0, 0.0, 0.0, 0.0, 0.0, 0.0, 0.0, 0.0, 0.0, 0.0, 0.0, 0.0, 0.0, 0.0, 0.0, 0.0]","[0.7763481736183167, 0.5758484601974487, 0.5316509008407593, 0.5615329742431641, 0.5982588529586792, 0.6066035628318787, 0.5803995728492737, 0.6114227771759033, 0.8112925291061401, 0.5921516418457031, 0.6067659854888916, 0.6203863024711609, 0.555514931678772, 0.5779320597648621, 0.5868871808052063, 0.6022288203239441, 0.5702446699142456, 0.5690184235572815, 0.8802196979522705, 0.5805437564849854, 0.5769842267036438, 0.543556809425354, 0.5566565990447998, 0.5917133688926697, 0.8030105829238892, 0.5454728603363037, 0.6032832860946655, 0.8530391454696655, 0.5956624746322632, 0.8437429070472717, 0.5678497552871704, 0.5611020922660828, 0.7945662140846252, 0.5756763219833374, 0.6186137199401855, 0.7988430261611938, 0.8571668267250061, 0.884648859500885, 0.7957816123962402, 0.5930397510528564, 0.8602315783500671, 0.7745308876037598, 0.5917906761169434, 0.5464205145835876, 0.5723766088485718, 0.5620243549346924, 0.6062804460525513, 0.5736806392669678, 0.7952907085418701, 0.5923020839691162, 0.574805498123169, 0.5703810453414917, 0.7935075759887695, 0.5738313794136047, 0.5508646965026855, 0.7821595668792725, 0.5571253299713135, 0.857939600944519, 0.5838202238082886, 0.5551075339317322, 0.6105492115020752, 0.5969364643096924, 0.5543535351753235, 0.8716369867324829, 0.5689886212348938, 0.557377815246582, 0.5827007293701172, 0.8443807363510132, 0.5946113467216492, 0.5818896293640137, 0.5597066879272461, 0.6062387228012085, 0.5847744345664978, 0.5792380571365356, 0.5760599374771118, 0.577000617980957, 0.5838930606842041, 0.5863478779792786, 0.6135585308074951, 0.569627046585083, 0.5606833696365356, 0.5690338611602783, 0.5732578039169312, 0.5847001075744629, 0.6032660603523254, 0.5828356742858887, 0.6033390760421753, 0.5836279392242432, 0.5642071962356567, 0.6070799827575684, 0.5799904465675354, 0.5754387378692627, 0.5843144655227661, 0.5822849273681641, 0.5832870006561279, 0.6252295970916748, 0.5991936922073364, 0.6115850210189819, 0.775513231754303, 0.7955905199050903]",0,set(),"[0.0833333358168602, 1.0, 1.0, 1.0, 1.0, 1.0, 1.0, 1.0, 0.0833333358168602, 1.0, 0.9166666865348816, 1.0, 1.0, 0.9166666865348816, 1.0, 1.0, 1.0, 1.0, 0.0, 1.0, 1.0, 1.0, 1.0, 1.0, 0.0833333358168602, 0.9166666865348816, 1.0, 0.0, 1.0, 0.0, 1.0, 1.0, 0.0, 1.0, 1.0, 0.0833333358168602, 0.0, 0.0, 0.0, 1.0, 0.0, 0.0, 1.0, 1.0, 1.0, 1.0, 1.0, 1.0, 0.0, 1.0, 1.0, 1.0, 0.0, 1.0, 1.0, 0.0, 1.0, 0.0, 1.0, 1.0, 1.0, 1.0, 1.0, 0.0, 1.0, 1.0, 1.0, 0.0, 1.0, 1.0, 1.0, 1.0, 0.9166666865348816, 1.0, 1.0, 1.0, 1.0, 1.0, 0.9166666865348816, 1.0, 1.0, 1.0, 1.0, 1.0, 1.0, 1.0, 1.0, 1.0, 1.0, 1.0, 0.9166666865348816, 1.0, 1.0, 1.0, 1.0, 0.9166666865348816, 1.0, 1.0, 0.0, 0.0]","[0.9858155846595764, 0.9886524677276611, 0.9862884283065796, 0.9872340559959412, 0.9900709390640259, 0.991962194442749, 0.9891253113746643, 0.9929078221321106, 0.9914893507957458, 0.9910165667533875, 0.9929078221321106, 0.9895980954170227, 0.9910165667533875, 0.9905437231063843, 0.9891253113746643, 0.9924349784851074, 0.9895980954170227, 0.9900709390640259, 0.993380606174469, 0.9881796836853027, 0.9905437231063843, 0.9886524677276611, 0.9891253113746643, 0.9924349784851074, 0.9886524677276611, 0.9881796836853027, 0.9924349784851074, 0.9910165667533875, 0.9910165667533875, 0.9910165667533875, 0.9895980954170227, 0.9886524677276611, 0.9881796836853027, 0.9910165667533875, 0.9938534498214722, 0.9881796836853027, 0.9924349784851074, 0.9905437231063843, 0.9872340559959412, 0.9891253113746643, 0.993380606174469, 0.9858155846595764, 0.9905437231063843, 0.9881796836853027, 0.9891253113746643, 0.9886524677276611, 0.993380606174469, 0.9886524677276611, 0.9872340559959412, 0.9886524677276611, 0.9905437231063843, 0.9910165667533875, 0.9862884283065796, 0.9910165667533875, 0.9886524677276611, 0.986761212348938, 0.9895980954170227, 0.993380606174469, 0.9910165667533875, 0.9877068400382996, 0.9910165667533875, 0.9924349784851074, 0.9891253113746643, 0.9938534498214722, 0.9905437231063843, 0.9891253113746643, 0.9891253113746643, 0.9924349784851074, 0.9914893507957458, 0.9900709390640259, 0.9891253113746643, 0.9924349784851074, 0.9910165667533875, 0.9914893507957458, 0.9891253113746643, 0.9914893507957458, 0.9924349784851074, 0.9914893507957458, 0.9905437231063843, 0.9886524677276611, 0.9886524677276611, 0.9881796836853027, 0.9914893507957458, 0.9900709390640259, 0.9910165667533875, 0.9910165667533875, 0.9924349784851074, 0.9900709390640259, 0.9886524677276611, 0.9910165667533875, 0.9905437231063843, 0.9905437231063843, 0.9886524677276611, 0.9895980954170227, 0.9895980954170227, 0.9943262338638306, 0.9914893507957458, 0.993380606174469, 0.985342800617218, 0.9881796836853027]",0.7875000238418579,0.9901418089866638,0.9926161170005798,0.9926161170005798,0.01587301678955555,0.9895530939102173,0.9895981087470449,0.1173551082611084
79,100,100,0,33,67,"[0.0, 0.0, 0.0, 0.0, 0.0, 0.0, 0.0, 0.0, 0.0, 0.0, 0.0, 0.0, 0.0, 0.0, 0.0, 0.0, 0.0, 0.0, 0.0, 0.0, 0.0, 0.0, 0.0, 0.0, 0.0, 0.0, 0.0, 0.0, 0.0, 0.0, 0.0, 0.0, 0.0, 0.0, 0.0, 0.0, 0.0, 0.0, 0.0, 0.0, 0.0, 0.0, 0.0, 0.0, 0.0, 0.0, 0.0, 0.0, 0.0, 0.0, 0.0, 0.0, 0.0, 0.0, 0.0, 0.0, 0.0, 0.0, 0.0, 0.0, 0.0, 0.0, 0.0, 0.0, 0.0, 0.0, 0.0, 0.0, 0.0, 0.0, 0.0, 0.0, 0.0, 0.0, 0.0, 0.0, 0.0, 0.0, 0.0, 0.0, 0.0, 0.0, 0.0, 0.0, 0.0, 0.0, 0.0, 0.0, 0.0, 0.0, 0.0, 0.0, 0.0, 0.0, 0.0, 0.0, 0.0, 0.0, 0.0, 0.0]","[0.5669808983802795, 0.5898816585540771, 0.6128655076026917, 0.5621396899223328, 0.5367739200592041, 0.590631365776062, 0.8322457075119019, 0.8374722003936768, 0.6075751781463623, 0.6091865301132202, 0.5932104587554932, 0.5959103107452393, 0.5365118980407715, 0.8027451038360596, 0.8623125553131104, 0.5593044757843018, 0.5649374723434448, 0.7771317362785339, 0.8471478819847107, 0.5943909883499146, 0.5402716398239136, 0.8114169836044312, 0.5530365705490112, 0.8096096515655518, 0.5997881889343262, 0.5656554102897644, 0.5973838567733765, 0.6232131123542786, 0.5659012794494629, 0.5665669441223145, 0.5659629106521606, 0.5800371766090393, 0.5583739280700684, 0.5848947763442993, 0.8071322441101074, 0.8480403423309326, 0.5975341200828552, 0.7990121245384216, 0.561512291431427, 0.5335556268692017, 0.8167356252670288, 0.8323777318000793, 0.5767378807067871, 0.7987866401672363, 0.5628128051757812, 0.5535101890563965, 0.8204578161239624, 0.5773564577102661, 0.7980175018310547, 0.5468029379844666, 0.8392168283462524, 0.5247551798820496, 0.8239465951919556, 0.7901178598403931, 0.8156861662864685, 0.5894479751586914, 0.5998333692550659, 0.5995044708251953, 0.5750274658203125, 0.602834939956665, 0.5958305597305298, 0.581541121006012, 0.7892117500305176, 0.58087158203125, 0.569726824760437, 0.5841622948646545, 0.5772415399551392, 0.8519644737243652, 0.5830368995666504, 0.5836648344993591, 0.8172695636749268, 0.559800386428833, 0.58240807056427, 0.5403411388397217, 0.5625694394111633, 0.8213234543800354, 0.5891640782356262, 0.8083382248878479, 0.828206479549408, 0.5520369410514832, 0.576999306678772, 0.5863754749298096, 0.817074179649353, 0.5845110416412354, 0.5580757856369019, 0.6028450727462769, 0.5752225518226624, 0.5707249641418457, 0.576287031173706, 0.7980588674545288, 0.7973036766052246, 0.8282831907272339, 0.5920009613037109, 0.5887664556503296, 0.5705626010894775, 0.8558279275894165, 0.5814836025238037, 0.8400712013244629, 0.5659017562866211, 0.8275290131568909]",0,set(),"[1.0, 0.9166666865348816, 0.9166666865348816, 1.0, 1.0, 0.9166666865348816, 0.0833333358168602, 0.0, 1.0, 1.0, 0.9166666865348816, 1.0, 1.0, 0.0, 0.0, 1.0, 1.0, 0.0, 0.0, 1.0, 1.0, 0.0, 1.0, 0.0, 1.0, 1.0, 0.9166666865348816, 0.9166666865348816, 1.0, 1.0, 1.0, 1.0, 1.0, 1.0, 0.0833333358168602, 0.0, 1.0, 0.0, 1.0, 1.0, 0.0, 0.0, 1.0, 0.0, 1.0, 1.0, 0.0, 1.0, 0.0, 1.0, 0.0833333358168602, 1.0, 0.0, 0.0, 0.0833333358168602, 1.0, 0.9166666865348816, 1.0, 1.0, 1.0, 1.0, 1.0, 0.0833333358168602, 1.0, 0.9166666865348816, 1.0, 1.0, 0.0, 1.0, 1.0, 0.0, 1.0, 1.0, 1.0, 1.0, 0.0833333358168602, 1.0, 0.0833333358168602, 0.0, 1.0, 1.0, 1.0, 0.0, 1.0, 1.0, 1.0, 0.9166666865348816, 1.0, 1.0, 0.0, 0.0, 0.0, 1.0, 1.0, 1.0, 0.0, 1.0, 0.0, 1.0, 0.0]","[0.9910165667533875, 0.9929078221321106, 0.9914893507957458, 0.9881796836853027, 0.9886524677276611, 0.9900709390640259, 0.9886524677276611, 0.9910165667533875, 0.9905437231063843, 0.993380606174469, 0.9924349784851074, 0.9929078221321106, 0.9881796836853027, 0.9895980954170227, 0.9929078221321106, 0.9895980954170227, 0.9905437231063843, 0.9862884283065796, 0.991962194442749, 0.991962194442749, 0.9905437231063843, 0.9900709390640259, 0.9881796836853027, 0.9877068400382996, 0.9929078221321106, 0.9891253113746643, 0.991962194442749, 0.9947990775108337, 0.9895980954170227, 0.9891253113746643, 0.9891253113746643, 0.9891253113746643, 0.9900709390640259, 0.9910165667533875, 0.9881796836853027, 0.9891253113746643, 0.9900709390640259, 0.9895980954170227, 0.9910165667533875, 0.9877068400382996, 0.9881796836853027, 0.9924349784851074, 0.9914893507957458, 0.9886524677276611, 0.9914893507957458, 0.9891253113746643, 0.9910165667533875, 0.9886524677276611, 0.9877068400382996, 0.9886524677276611, 0.9891253113746643, 0.9881796836853027, 0.9886524677276611, 0.9877068400382996, 0.9895980954170227, 0.9905437231063843, 0.9914893507957458, 0.9929078221321106, 0.9895980954170227, 0.9891253113746643, 0.991962194442749, 0.9900709390640259, 0.986761212348938, 0.9910165667533875, 0.9881796836853027, 0.9891253113746643, 0.9910165667533875, 0.9905437231063843, 0.991962194442749, 0.9914893507957458, 0.9881796836853027, 0.9886524677276611, 0.9914893507957458, 0.9886524677276611, 0.9905437231063843, 0.9891253113746643, 0.991962194442749, 0.9886524677276611, 0.9886524677276611, 0.9891253113746643, 0.9914893507957458, 0.991962194442749, 0.9900709390640259, 0.9914893507957458, 0.9891253113746643, 0.9910165667533875, 0.9914893507957458, 0.9891253113746643, 0.9886524677276611, 0.9881796836853027, 0.9891253113746643, 0.9900709390640259, 0.9881796836853027, 0.9910165667533875, 0.9891253113746643, 0.9891253113746643, 0.9910165667533875, 0.9900709390640259, 0.991962194442749, 0.991962194442749]",0.6683333516120911,0.9900708794593811,0.9888059496879578,0.9888059496879578,0.017676766961812973,0.9893545508384705,0.9891252955082742,0.21924686431884766
80,100,100,0,28,72,"[0.0, 0.0, 0.0, 0.0, 0.0, 0.0, 0.0, 0.0, 0.0, 0.0, 0.0, 0.0, 0.0, 0.0, 0.0, 0.0, 0.0, 0.0, 0.0, 0.0, 0.0, 0.0, 0.0, 0.0, 0.0, 0.0, 0.0, 0.0, 0.0, 0.0, 0.0, 0.0, 0.0, 0.0, 0.0, 0.0, 0.0, 0.0, 0.0, 0.0, 0.0, 0.0, 0.0, 0.0, 0.0, 0.0, 0.0, 0.0, 0.0, 0.0, 0.0, 0.0, 0.0, 0.0, 0.0, 0.0, 0.0, 0.0, 0.0, 0.0, 0.0, 0.0, 0.0, 0.0, 0.0, 0.0, 0.0, 0.0, 0.0, 0.0, 0.0, 0.0, 0.0, 0.0, 0.0, 0.0, 0.0, 0.0, 0.0, 0.0, 0.0, 0.0, 0.0, 0.0, 0.0, 0.0, 0.0, 0.0, 0.0, 0.0, 0.0, 0.0, 0.0, 0.0, 0.0, 0.0, 0.0, 0.0, 0.0, 0.0]","[0.564831018447876, 0.6210518479347229, 0.5922898054122925, 0.5824720859527588, 0.56464022397995, 0.5506972074508667, 0.5842933654785156, 0.8504929542541504, 0.5726226568222046, 0.5655417442321777, 0.594125509262085, 0.6137818098068237, 0.5910087823867798, 0.6013392210006714, 0.5813887715339661, 0.8629858493804932, 0.5446921586990356, 0.5859943628311157, 0.585303783416748, 0.7907455563545227, 0.5959123969078064, 0.8344292640686035, 0.5877759456634521, 0.5899304151535034, 0.5812696218490601, 0.6035149097442627, 0.615361213684082, 0.8524165749549866, 0.5618252158164978, 0.8159294128417969, 0.5723587274551392, 0.8148415088653564, 0.8357522487640381, 0.5884596109390259, 0.7695063352584839, 0.5990945100784302, 0.5520349740982056, 0.6024527549743652, 0.576971709728241, 0.5899497270584106, 0.5725715160369873, 0.5758625268936157, 0.5774542093276978, 0.8325246572494507, 0.6072254180908203, 0.5676708221435547, 0.5643177032470703, 0.5699886083602905, 0.7952821850776672, 0.7784934639930725, 0.8284108638763428, 0.5794171094894409, 0.5843907594680786, 0.585136890411377, 0.7946076393127441, 0.560649037361145, 0.5779924392700195, 0.797278881072998, 0.6015893220901489, 0.5643323063850403, 0.5594626665115356, 0.5635340213775635, 0.5963258743286133, 0.5481879711151123, 0.8420727252960205, 0.5585519075393677, 0.560829758644104, 0.5799270868301392, 0.5983660221099854, 0.6047129034996033, 0.5988104343414307, 0.8647706508636475, 0.5969274044036865, 0.8507192134857178, 0.5796436071395874, 0.8204268217086792, 0.7905334234237671, 0.5867303609848022, 0.8423058986663818, 0.8093624114990234, 0.5607373714447021, 0.8440275192260742, 0.8571937084197998, 0.5929909944534302, 0.5622923970222473, 0.821038007736206, 0.5343954563140869, 0.573291540145874, 0.7899606823921204, 0.5715711116790771, 0.5698294639587402, 0.5810675024986267, 0.5260168313980103, 0.7998644709587097, 0.6121001839637756, 0.8159059286117554, 0.5949157476425171, 0.5795038342475891, 0.5633478760719299, 0.5679234862327576]",0,set(),"[1.0, 1.0, 1.0, 1.0, 1.0, 1.0, 1.0, 0.0, 1.0, 1.0, 1.0, 1.0, 1.0, 1.0, 1.0, 0.0, 1.0, 1.0, 1.0, 0.1666666716337204, 0.9166666865348816, 0.0833333358168602, 1.0, 1.0, 0.9166666865348816, 1.0, 1.0, 0.0, 1.0, 0.0, 1.0, 0.0, 0.0, 1.0, 0.0833333358168602, 1.0, 1.0, 1.0, 1.0, 0.9166666865348816, 1.0, 1.0, 1.0, 0.0, 0.9166666865348816, 0.9166666865348816, 1.0, 1.0, 0.0, 0.0, 0.0, 1.0, 1.0, 1.0, 0.0, 1.0, 1.0, 0.0, 1.0, 1.0, 1.0, 1.0, 1.0, 1.0, 0.0, 1.0, 1.0, 1.0, 1.0, 0.9166666865348816, 1.0, 0.0, 1.0, 0.0, 1.0, 0.0, 0.0833333358168602, 1.0, 0.0, 0.0833333358168602, 1.0, 0.0, 0.0, 1.0, 1.0, 0.0, 1.0, 1.0, 0.0833333358168602, 1.0, 1.0, 1.0, 1.0, 0.0, 1.0, 0.0833333358168602, 1.0, 1.0, 1.0, 1.0]","[0.9891253113746643, 0.9938534498214722, 0.9929078221321106, 0.9905437231063843, 0.9891253113746643, 0.9881796836853027, 0.9914893507957458, 0.9891253113746643, 0.9910165667533875, 0.9891253113746643, 0.9924349784851074, 0.9943262338638306, 0.9929078221321106, 0.993380606174469, 0.9886524677276611, 0.9900709390640259, 0.9881796836853027, 0.9924349784851074, 0.9910165667533875, 0.9881796836853027, 0.9924349784851074, 0.9886524677276611, 0.991962194442749, 0.9891253113746643, 0.9910165667533875, 0.9929078221321106, 0.9947990775108337, 0.991962194442749, 0.9895980954170227, 0.9900709390640259, 0.9895980954170227, 0.9905437231063843, 0.9891253113746643, 0.991962194442749, 0.9872340559959412, 0.9924349784851074, 0.9877068400382996, 0.9924349784851074, 0.9891253113746643, 0.9924349784851074, 0.9914893507957458, 0.9929078221321106, 0.9900709390640259, 0.9905437231063843, 0.993380606174469, 0.9891253113746643, 0.9891253113746643, 0.9910165667533875, 0.9881796836853027, 0.9862884283065796, 0.9886524677276611, 0.991962194442749, 0.9914893507957458, 0.993380606174469, 0.9872340559959412, 0.9891253113746643, 0.9914893507957458, 0.9891253113746643, 0.9914893507957458, 0.9877068400382996, 0.9881796836853027, 0.9891253113746643, 0.9905437231063843, 0.9877068400382996, 0.9905437231063843, 0.9900709390640259, 0.9905437231063843, 0.9900709390640259, 0.9914893507957458, 0.9929078221321106, 0.9924349784851074, 0.993380606174469, 0.9900709390640259, 0.991962194442749, 0.9924349784851074, 0.9900709390640259, 0.9881796836853027, 0.9914893507957458, 0.9900709390640259, 0.9891253113746643, 0.9895980954170227, 0.9910165667533875, 0.9924349784851074, 0.991962194442749, 0.9886524677276611, 0.9891253113746643, 0.9881796836853027, 0.9881796836853027, 0.9872340559959412, 0.9891253113746643, 0.9905437231063843, 0.9914893507957458, 0.9862884283065796, 0.9881796836853027, 0.9929078221321106, 0.9886524677276611, 0.9905437231063843, 0.9910165667533875, 0.9905437231063843, 0.9900709390640259]",0.721666693687439,0.9904114007949829,0.9930556416511536,0.9930556416511536,0.02380952425301075,0.9894629716873169,0.9905437352245863,0.2140660285949707
81,100,100,0,25,75,"[0.0, 0.0, 0.0, 0.0, 0.0, 0.0, 0.0, 0.0, 0.0, 0.0, 0.0, 0.0, 0.0, 0.0, 0.0, 0.0, 0.0, 0.0, 0.0, 0.0, 0.0, 0.0, 0.0, 0.0, 0.0, 0.0, 0.0, 0.0, 0.0, 0.0, 0.0, 0.0, 0.0, 0.0, 0.0, 0.0, 0.0, 0.0, 0.0, 0.0, 0.0, 0.0, 0.0, 0.0, 0.0, 0.0, 0.0, 0.0, 0.0, 0.0, 0.0, 0.0, 0.0, 0.0, 0.0, 0.0, 0.0, 0.0, 0.0, 0.0, 0.0, 0.0, 0.0, 0.0, 0.0, 0.0, 0.0, 0.0, 0.0, 0.0, 0.0, 0.0, 0.0, 0.0, 0.0, 0.0, 0.0, 0.0, 0.0, 0.0, 0.0, 0.0, 0.0, 0.0, 0.0, 0.0, 0.0, 0.0, 0.0, 0.0, 0.0, 0.0, 0.0, 0.0, 0.0, 0.0, 0.0, 0.0, 0.0, 0.0]","[0.582200288772583, 0.8160633444786072, 0.5322591066360474, 0.5662568807601929, 0.5802531838417053, 0.6217203140258789, 0.5847922563552856, 0.595595121383667, 0.6001836657524109, 0.5658344030380249, 0.5824426412582397, 0.8487061262130737, 0.5514146089553833, 0.6015514135360718, 0.5962856411933899, 0.7942559719085693, 0.8543652892112732, 0.5341896414756775, 0.5982701778411865, 0.5939629077911377, 0.5370979309082031, 0.8106178641319275, 0.5860768556594849, 0.5863779783248901, 0.5555422902107239, 0.8808654546737671, 0.5737410187721252, 0.5452079772949219, 0.6131455898284912, 0.576633632183075, 0.5722765922546387, 0.5595711469650269, 0.569121241569519, 0.8965053558349609, 0.8835060596466064, 0.5677598714828491, 0.5694166421890259, 0.5380340814590454, 0.5939006805419922, 0.5917435884475708, 0.8676106929779053, 0.5268533229827881, 0.5564693212509155, 0.866204023361206, 0.552158772945404, 0.7844951748847961, 0.572293758392334, 0.541779637336731, 0.5880783200263977, 0.6103783249855042, 0.7824724912643433, 0.543523907661438, 0.5497730374336243, 0.8312012553215027, 0.5684148073196411, 0.587067723274231, 0.5885520577430725, 0.5262592434883118, 0.5547038316726685, 0.5764715671539307, 0.6176613569259644, 0.5528477430343628, 0.8070273399353027, 0.540581226348877, 0.8578298091888428, 0.6008062362670898, 0.8554812669754028, 0.5700238943099976, 0.5964786410331726, 0.5584656000137329, 0.9123860597610474, 0.5833043456077576, 0.61614990234375, 0.5610958337783813, 0.5894931554794312, 0.8688434362411499, 0.5479661822319031, 0.6112866401672363, 0.5613631010055542, 0.827673077583313, 0.8216680288314819, 0.8118213415145874, 0.7967932224273682, 0.5642765760421753, 0.5930086374282837, 0.6044180393218994, 0.5717431306838989, 0.576291561126709, 0.5982682704925537, 0.5539306998252869, 0.570829451084137, 0.6089770197868347, 0.549841046333313, 0.5605579614639282, 0.6056298613548279, 0.5800120830535889, 0.6003114581108093, 0.8681297302246094, 0.894742488861084, 0.8101389408111572]",0,set(),"[1.0, 0.0, 1.0, 1.0, 0.9166666865348816, 1.0, 1.0, 1.0, 1.0, 1.0, 0.9166666865348816, 0.0, 1.0, 0.9166666865348816, 1.0, 0.0, 0.0, 1.0, 1.0, 1.0, 1.0, 0.0833333358168602, 1.0, 1.0, 1.0, 0.0, 1.0, 1.0, 1.0, 0.9166666865348816, 1.0, 1.0, 1.0, 0.0, 0.0, 1.0, 0.9166666865348816, 1.0, 1.0, 1.0, 0.0, 1.0, 0.9166666865348816, 0.0, 1.0, 0.1666666716337204, 1.0, 1.0, 0.9166666865348816, 1.0, 0.0, 1.0, 1.0, 0.0, 1.0, 0.9166666865348816, 1.0, 1.0, 1.0, 1.0, 1.0, 1.0, 0.0, 1.0, 0.0, 1.0, 0.0, 0.9166666865348816, 1.0, 1.0, 0.0, 1.0, 1.0, 1.0, 1.0, 0.0, 1.0, 1.0, 1.0, 0.0, 0.0, 0.0, 0.0, 1.0, 1.0, 0.9166666865348816, 1.0, 1.0, 1.0, 1.0, 1.0, 1.0, 1.0, 1.0, 0.9166666865348816, 1.0, 0.9166666865348816, 0.0, 0.0, 0.0]","[0.9924349784851074, 0.9910165667533875, 0.9877068400382996, 0.9914893507957458, 0.9924349784851074, 0.9947990775108337, 0.9914893507957458, 0.991962194442749, 0.9905437231063843, 0.9910165667533875, 0.9924349784851074, 0.9938534498214722, 0.9895980954170227, 0.993380606174469, 0.9938534498214722, 0.9891253113746643, 0.9891253113746643, 0.9891253113746643, 0.993380606174469, 0.9924349784851074, 0.9914893507957458, 0.9900709390640259, 0.9938534498214722, 0.9900709390640259, 0.9895980954170227, 0.993380606174469, 0.9891253113746643, 0.9914893507957458, 0.9943262338638306, 0.991962194442749, 0.991962194442749, 0.9914893507957458, 0.9914893507957458, 0.9914893507957458, 0.9938534498214722, 0.9914893507957458, 0.9924349784851074, 0.9900709390640259, 0.993380606174469, 0.991962194442749, 0.9910165667533875, 0.9891253113746643, 0.9914893507957458, 0.9910165667533875, 0.9872340559959412, 0.9872340559959412, 0.9914893507957458, 0.9877068400382996, 0.9924349784851074, 0.9929078221321106, 0.9872340559959412, 0.9872340559959412, 0.9891253113746643, 0.9891253113746643, 0.9895980954170227, 0.9905437231063843, 0.993380606174469, 0.9877068400382996, 0.9891253113746643, 0.9895980954170227, 0.9938534498214722, 0.9891253113746643, 0.9905437231063843, 0.9900709390640259, 0.9881796836853027, 0.993380606174469, 0.9938534498214722, 0.9929078221321106, 0.993380606174469, 0.9895980954170227, 0.9952718615531921, 0.9914893507957458, 0.9947990775108337, 0.9914893507957458, 0.9900709390640259, 0.9938534498214722, 0.9895980954170227, 0.9938534498214722, 0.9900709390640259, 0.9881796836853027, 0.9891253113746643, 0.9895980954170227, 0.9877068400382996, 0.9910165667533875, 0.9924349784851074, 0.993380606174469, 0.9910165667533875, 0.9905437231063843, 0.9914893507957458, 0.9895980954170227, 0.9924349784851074, 0.993380606174469, 0.9900709390640259, 0.9905437231063843, 0.993380606174469, 0.9886524677276611, 0.9905437231063843, 0.993380606174469, 0.9924349784851074, 0.9895980954170227]",0.7424999475479126,0.9911441802978516,0.986666738986969,0.986666738986969,0.009999999776482582,0.990770697593689,0.9914893617021276,0.11149168014526367
82,100,100,0,28,72,"[0.0, 0.0, 0.0, 0.0, 0.0, 0.0, 0.0, 0.0, 0.0, 0.0, 0.0, 0.0, 0.0, 0.0, 0.0, 0.0, 0.0, 0.0, 0.0, 0.0, 0.0, 0.0, 0.0, 0.0, 0.0, 0.0, 0.0, 0.0, 0.0, 0.0, 0.0, 0.0, 0.0, 0.0, 0.0, 0.0, 0.0, 0.0, 0.0, 0.0, 0.0, 0.0, 0.0, 0.0, 0.0, 0.0, 0.0, 0.0, 0.0, 0.0, 0.0, 0.0, 0.0, 0.0, 0.0, 0.0, 0.0, 0.0, 0.0, 0.0, 0.0, 0.0, 0.0, 0.0, 0.0, 0.0, 0.0, 0.0, 0.0, 0.0, 0.0, 0.0, 0.0, 0.0, 0.0, 0.0, 0.0, 0.0, 0.0, 0.0, 0.0, 0.0, 0.0, 0.0, 0.0, 0.0, 0.0, 0.0, 0.0, 0.0, 0.0, 0.0, 0.0, 0.0, 0.0, 0.0, 0.0, 0.0, 0.0, 0.0]","[0.591227650642395, 0.567747950553894, 0.8156092166900635, 0.5995250940322876, 0.5873302221298218, 0.5639773607254028, 0.5976637601852417, 0.592659592628479, 0.6143929958343506, 0.5901532173156738, 0.5627710819244385, 0.5557936429977417, 0.5591786503791809, 0.5934008359909058, 0.8179439306259155, 0.5586189031600952, 0.5597646832466125, 0.5499662756919861, 0.6178504228591919, 0.5802091360092163, 0.5884774923324585, 0.5833418369293213, 0.8543710708618164, 0.5641142129898071, 0.5902423858642578, 0.8961910009384155, 0.5801173448562622, 0.5824946761131287, 0.5830952525138855, 0.5802909731864929, 0.6152510643005371, 0.5981767177581787, 0.5475450754165649, 0.6117007732391357, 0.8589832782745361, 0.5689709186553955, 0.8732984066009521, 0.5353772640228271, 0.5858967304229736, 0.8133552670478821, 0.5290341377258301, 0.5675451755523682, 0.8995285630226135, 0.5547658205032349, 0.5899437665939331, 0.5941542983055115, 0.5841349363327026, 0.7968512773513794, 0.5626185536384583, 0.5667974948883057, 0.5468146800994873, 0.5145511031150818, 0.5658276677131653, 0.5648422241210938, 0.8483110666275024, 0.8115463256835938, 0.5640881061553955, 0.5348668694496155, 0.5927337408065796, 0.5711418986320496, 0.5599018931388855, 0.5888242125511169, 0.8395149111747742, 0.5591713190078735, 0.8718058466911316, 0.5285632610321045, 0.7933894395828247, 0.5843862295150757, 0.5836580991744995, 0.8786513805389404, 0.8110860586166382, 0.8370950222015381, 0.8520328998565674, 0.8656459450721741, 0.523332953453064, 0.5753121972084045, 0.5485086441040039, 0.5615481734275818, 0.5335422158241272, 0.5876626372337341, 0.8090808391571045, 0.5395110845565796, 0.7827837467193604, 0.553743839263916, 0.5588746666908264, 0.8047294616699219, 0.8915762901306152, 0.5944139361381531, 0.5921715497970581, 0.8094770908355713, 0.5783699750900269, 0.5741277933120728, 0.7912793159484863, 0.561159610748291, 0.5981574058532715, 0.8150138258934021, 0.5973273515701294, 0.776856541633606, 0.5724440813064575, 0.7985539436340332]",0,set(),"[1.0, 1.0, 0.0, 1.0, 0.9166666865348816, 1.0, 0.9166666865348816, 1.0, 0.8333333134651184, 1.0, 1.0, 1.0, 1.0, 1.0, 0.0, 1.0, 1.0, 1.0, 1.0, 1.0, 1.0, 1.0, 0.0, 1.0, 1.0, 0.0, 1.0, 1.0, 1.0, 1.0, 1.0, 1.0, 0.9166666865348816, 1.0, 0.0, 1.0, 0.0, 1.0, 1.0, 0.0833333358168602, 1.0, 1.0, 0.0, 1.0, 1.0, 1.0, 1.0, 0.0, 1.0, 1.0, 1.0, 1.0, 1.0, 1.0, 0.0, 0.0833333358168602, 1.0, 1.0, 1.0, 1.0, 1.0, 1.0, 0.0, 1.0, 0.0, 1.0, 0.0, 1.0, 1.0, 0.0833333358168602, 0.0833333358168602, 0.0, 0.0, 0.0, 1.0, 1.0, 1.0, 1.0, 1.0, 1.0, 0.0, 1.0, 0.0, 1.0, 1.0, 0.0, 0.0, 1.0, 0.9166666865348816, 0.0833333358168602, 1.0, 1.0, 0.0, 1.0, 1.0, 0.0, 1.0, 0.0, 1.0, 0.0833333358168602]","[0.993380606174469, 0.9900709390640259, 0.9891253113746643, 0.9929078221321106, 0.9924349784851074, 0.9900709390640259, 0.9947990775108337, 0.9938534498214722, 0.9910165667533875, 0.9929078221321106, 0.9895980954170227, 0.9905437231063843, 0.9895980954170227, 0.9929078221321106, 0.9886524677276611, 0.9900709390640259, 0.9924349784851074, 0.9905437231063843, 0.9947990775108337, 0.9929078221321106, 0.9914893507957458, 0.9929078221321106, 0.991962194442749, 0.9924349784851074, 0.9924349784851074, 0.9943262338638306, 0.9914893507957458, 0.9924349784851074, 0.993380606174469, 0.9905437231063843, 0.9943262338638306, 0.9914893507957458, 0.9900709390640259, 0.9952718615531921, 0.9938534498214722, 0.9900709390640259, 0.993380606174469, 0.9905437231063843, 0.9914893507957458, 0.9905437231063843, 0.9891253113746643, 0.9914893507957458, 0.9938534498214722, 0.9900709390640259, 0.9924349784851074, 0.9947990775108337, 0.9924349784851074, 0.9891253113746643, 0.9910165667533875, 0.9924349784851074, 0.9895980954170227, 0.9877068400382996, 0.9929078221321106, 0.9924349784851074, 0.991962194442749, 0.9881796836853027, 0.9891253113746643, 0.9905437231063843, 0.993380606174469, 0.9929078221321106, 0.9891253113746643, 0.9914893507957458, 0.9910165667533875, 0.9914893507957458, 0.9943262338638306, 0.9905437231063843, 0.9900709390640259, 0.9905437231063843, 0.9929078221321106, 0.9910165667533875, 0.9924349784851074, 0.993380606174469, 0.9938534498214722, 0.9895980954170227, 0.9886524677276611, 0.993380606174469, 0.9914893507957458, 0.9914893507957458, 0.9905437231063843, 0.9943262338638306, 0.9891253113746643, 0.9900709390640259, 0.9872340559959412, 0.9910165667533875, 0.9900709390640259, 0.9881796836853027, 0.9929078221321106, 0.9938534498214722, 0.9929078221321106, 0.9891253113746643, 0.9905437231063843, 0.9900709390640259, 0.9891253113746643, 0.9924349784851074, 0.9910165667533875, 0.9924349784851074, 0.993380606174469, 0.9886524677276611, 0.9924349784851074, 0.9881796836853027]",0.7199999094009399,0.9914705157279968,0.9930556416511536,0.9930556416511536,0.01785714365541935,0.9909152984619141,0.9919621749408983,0.21005678176879883
83,100,100,0,28,72,"[0.0, 0.0, 0.0, 0.0, 0.0, 0.0, 0.0, 0.0, 0.0, 0.0, 0.0, 0.0, 0.0, 0.0, 0.0, 0.0, 0.0, 0.0, 0.0, 0.0, 0.0, 0.0, 0.0, 0.0, 0.0, 0.0, 0.0, 0.0, 0.0, 0.0, 0.0, 0.0, 0.0, 0.0, 0.0, 0.0, 0.0, 0.0, 0.0, 0.0, 0.0, 0.0, 0.0, 0.0, 0.0, 0.0, 0.0, 0.0, 0.0, 0.0, 0.0, 0.0, 0.0, 0.0, 0.0, 0.0, 0.0, 0.0, 0.0, 0.0, 0.0, 0.0, 0.0, 0.0, 0.0, 0.0, 0.0, 0.0, 0.0, 0.0, 0.0, 0.0, 0.0, 0.0, 0.0, 0.0, 0.0, 0.0, 0.0, 0.0, 0.0, 0.0, 0.0, 0.0, 0.0, 0.0, 0.0, 0.0, 0.0, 0.0, 0.0, 0.0, 0.0, 0.0, 0.0, 0.0, 0.0, 0.0, 0.0, 0.0]","[0.5886446237564087, 0.5963698625564575, 0.5811340808868408, 0.8324428796768188, 0.5972351431846619, 0.5671479105949402, 0.5119267702102661, 0.834126353263855, 0.5762125253677368, 0.5578292608261108, 0.6173654794692993, 0.5784876942634583, 0.8140036463737488, 0.8377834558486938, 0.5477375388145447, 0.7956067323684692, 0.5864906311035156, 0.8513066172599792, 0.5453581809997559, 0.5827264785766602, 0.5938231945037842, 0.8746211528778076, 0.5659512281417847, 0.5978409051895142, 0.5643640160560608, 0.8109359741210938, 0.5217909812927246, 0.8270263671875, 0.5752469301223755, 0.5724065899848938, 0.5696196556091309, 0.559328019618988, 0.5689985752105713, 0.5849987864494324, 0.8743984699249268, 0.5827114582061768, 0.5308961868286133, 0.8108693361282349, 0.8511393666267395, 0.5559343695640564, 0.5574812889099121, 0.5432071685791016, 0.5814396142959595, 0.5651376247406006, 0.5688564777374268, 0.5582512617111206, 0.8302338123321533, 0.8070493936538696, 0.5490241050720215, 0.8817919492721558, 0.5889231562614441, 0.5434631109237671, 0.8350358009338379, 0.843730628490448, 0.5891196727752686, 0.5745671987533569, 0.612946629524231, 0.8078572750091553, 0.8357217311859131, 0.772262454032898, 0.5624366998672485, 0.5789318084716797, 0.586234450340271, 0.9097352027893066, 0.7866145372390747, 0.6107161641120911, 0.8026522994041443, 0.8536844253540039, 0.5704313516616821, 0.5888221263885498, 0.5430673360824585, 0.6028696894645691, 0.5701897740364075, 0.8516651391983032, 0.5942261815071106, 0.5737848281860352, 0.6182898879051208, 0.5291014313697815, 0.5978573560714722, 0.8121455311775208, 0.5469781756401062, 0.7981021404266357, 0.5818488001823425, 0.5623201727867126, 0.5465023517608643, 0.5899146795272827, 0.5972927212715149, 0.5959380865097046, 0.5600887537002563, 0.584288477897644, 0.8400577306747437, 0.5370337963104248, 0.5485405921936035, 0.5762894749641418, 0.5655698776245117, 0.5508307814598083, 0.5889643430709839, 0.5563908815383911, 0.5379983186721802, 0.5444694757461548]",0,set(),"[1.0, 1.0, 1.0, 0.0, 1.0, 1.0, 1.0, 0.0, 1.0, 0.9166666865348816, 0.9166666865348816, 1.0, 0.0833333358168602, 0.0, 1.0, 0.0, 1.0, 0.0, 0.9166666865348816, 0.9166666865348816, 0.9166666865348816, 0.0, 1.0, 0.9166666865348816, 1.0, 0.0, 1.0, 0.0, 1.0, 0.9166666865348816, 1.0, 1.0, 0.9166666865348816, 1.0, 0.0, 1.0, 1.0, 0.0, 0.0, 1.0, 1.0, 1.0, 1.0, 0.9166666865348816, 1.0, 1.0, 0.0, 0.0833333358168602, 0.9166666865348816, 0.0, 0.9166666865348816, 1.0, 0.0, 0.0, 1.0, 1.0, 0.8333333134651184, 0.0, 0.0, 0.1666666716337204, 1.0, 1.0, 1.0, 0.0, 0.0, 1.0, 0.0, 0.0, 1.0, 1.0, 1.0, 1.0, 1.0, 0.0, 1.0, 1.0, 1.0, 1.0, 0.9166666865348816, 0.0, 1.0, 0.0, 1.0, 1.0, 1.0, 1.0, 0.9166666865348816, 0.9166666865348816, 1.0, 1.0, 0.0, 1.0, 1.0, 1.0, 1.0, 1.0, 1.0, 1.0, 1.0, 1.0]","[0.993380606174469, 0.9929078221321106, 0.991962194442749, 0.9910165667533875, 0.9938534498214722, 0.991962194442749, 0.9877068400382996, 0.9924349784851074, 0.9900709390640259, 0.9900709390640259, 0.9947990775108337, 0.9905437231063843, 0.9881796836853027, 0.991962194442749, 0.9924349784851074, 0.9910165667533875, 0.9943262338638306, 0.9924349784851074, 0.9905437231063843, 0.9943262338638306, 0.9905437231063843, 0.9914893507957458, 0.9910165667533875, 0.9943262338638306, 0.9914893507957458, 0.9886524677276611, 0.9914893507957458, 0.9895980954170227, 0.993380606174469, 0.9924349784851074, 0.9895980954170227, 0.9895980954170227, 0.9938534498214722, 0.9900709390640259, 0.9905437231063843, 0.993380606174469, 0.9914893507957458, 0.9895980954170227, 0.9924349784851074, 0.991962194442749, 0.9924349784851074, 0.9905437231063843, 0.9924349784851074, 0.9924349784851074, 0.991962194442749, 0.9895980954170227, 0.9891253113746643, 0.9929078221321106, 0.9924349784851074, 0.9914893507957458, 0.9947990775108337, 0.991962194442749, 0.9910165667533875, 0.991962194442749, 0.993380606174469, 0.9924349784851074, 0.9914893507957458, 0.9891253113746643, 0.9910165667533875, 0.9881796836853027, 0.9900709390640259, 0.9924349784851074, 0.991962194442749, 0.9929078221321106, 0.9877068400382996, 0.991962194442749, 0.9891253113746643, 0.993380606174469, 0.991962194442749, 0.9943262338638306, 0.991962194442749, 0.9943262338638306, 0.9924349784851074, 0.9914893507957458, 0.9947990775108337, 0.9900709390640259, 0.9947990775108337, 0.9910165667533875, 0.9943262338638306, 0.9914893507957458, 0.9905437231063843, 0.9914893507957458, 0.9938534498214722, 0.9900709390640259, 0.9900709390640259, 0.993380606174469, 0.993380606174469, 0.9947990775108337, 0.991962194442749, 0.9929078221321106, 0.993380606174469, 0.9910165667533875, 0.9924349784851074, 0.993380606174469, 0.9910165667533875, 0.9905437231063843, 0.9924349784851074, 0.9924349784851074, 0.9914893507957458, 0.9914893507957458]",0.7099999785423279,0.991782546043396,0.9814815521240234,0.9814815521240234,0.011904762126505375,0.9908982515335083,0.9919621749408983,0.2127547264099121
84,100,100,0,41,59,"[0.0, 0.0, 0.0, 0.0, 0.0, 0.0, 0.0, 0.0, 0.0, 0.0, 0.0, 0.0, 0.0, 0.0, 0.0, 0.0, 0.0, 0.0, 0.0, 0.0, 0.0, 0.0, 0.0, 0.0, 0.0, 0.0, 0.0, 0.0, 0.0, 0.0, 0.0, 0.0, 0.0, 0.0, 0.0, 0.0, 0.0, 0.0, 0.0, 0.0, 0.0, 0.0, 0.0, 0.0, 0.0, 0.0, 0.0, 0.0, 0.0, 0.0, 0.0, 0.0, 0.0, 0.0, 0.0, 0.0, 0.0, 0.0, 0.0, 0.0, 0.0, 0.0, 0.0, 0.0, 0.0, 0.0, 0.0, 0.0, 0.0, 0.0, 0.0, 0.0, 0.0, 0.0, 0.0, 0.0, 0.0, 0.0, 0.0, 0.0, 0.0, 0.0, 0.0, 0.0, 0.0, 0.0, 0.0, 0.0, 0.0, 0.0, 0.0, 0.0, 0.0, 0.0, 0.0, 0.0, 0.0, 0.0, 0.0, 0.0]","[0.5791983604431152, 0.5617942810058594, 0.8404441475868225, 0.5465222597122192, 0.8371827602386475, 0.557002067565918, 0.8736695647239685, 0.5288709402084351, 0.9037175178527832, 0.8296247124671936, 0.5515232086181641, 0.5742843747138977, 0.8324974775314331, 0.5859951376914978, 0.5961569547653198, 0.8191440105438232, 0.5798020362854004, 0.9118065237998962, 0.5832197666168213, 0.5763225555419922, 0.5585174560546875, 0.8784828186035156, 0.5779685974121094, 0.8182611465454102, 0.6003760099411011, 0.8521152138710022, 0.5517904758453369, 0.5574758648872375, 0.5317233800888062, 0.8145473003387451, 0.8418980240821838, 0.7910056114196777, 0.8346978425979614, 0.5879316329956055, 0.9113526344299316, 0.8658524751663208, 0.8367154598236084, 0.8454321026802063, 0.8295800685882568, 0.8241342306137085, 0.5795150995254517, 0.5601022243499756, 0.5743216276168823, 0.5554340481758118, 0.913548469543457, 0.8132980465888977, 0.5718315839767456, 0.8785281181335449, 0.8424273133277893, 0.5702627897262573, 0.551750659942627, 0.8153332471847534, 0.588579535484314, 0.543544590473175, 0.5809695720672607, 0.5850785970687866, 0.8726187348365784, 0.5462448000907898, 0.5826953649520874, 0.550552487373352, 0.8259047269821167, 0.8009862899780273, 0.8422845602035522, 0.5841206312179565, 0.6083016991615295, 0.8420369625091553, 0.5418152809143066, 0.855636715888977, 0.8073940277099609, 0.6144133806228638, 0.8733421564102173, 0.5660582780838013, 0.5590018033981323, 0.5660244226455688, 0.5682002305984497, 0.5684778690338135, 0.7739858627319336, 0.5295619368553162, 0.8468399047851562, 0.8397102355957031, 0.562321126461029, 0.6082677841186523, 0.8082326650619507, 0.5560173392295837, 0.5349746942520142, 0.5889385938644409, 0.5579981803894043, 0.8926474452018738, 0.5275096297264099, 0.5500525832176208, 0.5678675770759583, 0.5805907249450684, 0.6159015893936157, 0.8158560991287231, 0.5219034552574158, 0.5856585502624512, 0.6001620292663574, 0.5574514269828796, 0.7989220023155212, 0.5550976395606995]",0,set(),"[1.0, 1.0, 0.0, 1.0, 0.0, 1.0, 0.0, 1.0, 0.0, 0.0, 1.0, 0.9166666865348816, 0.0, 1.0, 1.0, 0.0833333358168602, 1.0, 0.0, 1.0, 1.0, 1.0, 0.0, 1.0, 0.0833333358168602, 0.9166666865348816, 0.0, 1.0, 1.0, 1.0, 0.0, 0.0, 0.1666666716337204, 0.0833333358168602, 1.0, 0.0, 0.0, 0.0833333358168602, 0.0833333358168602, 0.0, 0.0, 1.0, 1.0, 1.0, 1.0, 0.0, 0.0, 1.0, 0.0, 0.0, 1.0, 1.0, 0.0, 0.9166666865348816, 1.0, 1.0, 1.0, 0.0, 1.0, 1.0, 1.0, 0.0, 0.0, 0.0, 0.9166666865348816, 1.0, 0.0, 1.0, 0.0, 0.0833333358168602, 1.0, 0.0, 1.0, 0.9166666865348816, 1.0, 1.0, 1.0, 0.1666666716337204, 1.0, 0.0, 0.0, 1.0, 1.0, 0.0, 1.0, 1.0, 1.0, 1.0, 0.0, 1.0, 1.0, 1.0, 1.0, 1.0, 0.0833333358168602, 1.0, 1.0, 0.9166666865348816, 1.0, 0.0833333358168602, 0.9166666865348816]","[0.9943262338638306, 0.9914893507957458, 0.9924349784851074, 0.991962194442749, 0.9900709390640259, 0.9905437231063843, 0.993380606174469, 0.9914893507957458, 0.9947990775108337, 0.9895980954170227, 0.9924349784851074, 0.993380606174469, 0.9900709390640259, 0.9938534498214722, 0.9947990775108337, 0.9900709390640259, 0.9924349784851074, 0.9952718615531921, 0.9910165667533875, 0.993380606174469, 0.9905437231063843, 0.9929078221321106, 0.9929078221321106, 0.9924349784851074, 0.9943262338638306, 0.9914893507957458, 0.9914893507957458, 0.991962194442749, 0.9895980954170227, 0.9914893507957458, 0.993380606174469, 0.9886524677276611, 0.991962194442749, 0.9929078221321106, 0.9938534498214722, 0.9938534498214722, 0.993380606174469, 0.9900709390640259, 0.9895980954170227, 0.993380606174469, 0.9924349784851074, 0.991962194442749, 0.991962194442749, 0.9924349784851074, 0.993380606174469, 0.9905437231063843, 0.993380606174469, 0.9943262338638306, 0.9914893507957458, 0.9924349784851074, 0.9914893507957458, 0.9891253113746643, 0.9938534498214722, 0.991962194442749, 0.993380606174469, 0.9924349784851074, 0.993380606174469, 0.9914893507957458, 0.9947990775108337, 0.991962194442749, 0.9929078221321106, 0.9914893507957458, 0.9924349784851074, 0.9943262338638306, 0.9947990775108337, 0.9924349784851074, 0.9905437231063843, 0.9914893507957458, 0.9914893507957458, 0.9947990775108337, 0.9929078221321106, 0.9895980954170227, 0.9914893507957458, 0.9929078221321106, 0.993380606174469, 0.991962194442749, 0.9886524677276611, 0.9924349784851074, 0.993380606174469, 0.9914893507957458, 0.991962194442749, 0.9952718615531921, 0.9877068400382996, 0.991962194442749, 0.9895980954170227, 0.9943262338638306, 0.9900709390640259, 0.9943262338638306, 0.9914893507957458, 0.9905437231063843, 0.9947990775108337, 0.9929078221321106, 0.9952718615531921, 0.993380606174469, 0.9895980954170227, 0.9929078221321106, 0.991962194442749, 0.9924349784851074, 0.9881796836853027, 0.9929078221321106]",0.5941666960716248,0.992217481136322,0.9901129603385925,0.9901129603385925,0.024390246719121933,0.9918699264526367,0.992434988179669,0.11269998550415039
85,100,100,0,32,68,"[0.0, 0.0, 0.0, 0.0, 0.0, 0.0, 0.0, 0.0, 0.0, 0.0, 0.0, 0.0, 0.0, 0.0, 0.0, 0.0, 0.0, 0.0, 0.0, 0.0, 0.0, 0.0, 0.0, 0.0, 0.0, 0.0, 0.0, 0.0, 0.0, 0.0, 0.0, 0.0, 0.0, 0.0, 0.0, 0.0, 0.0, 0.0, 0.0, 0.0, 0.0, 0.0, 0.0, 0.0, 0.0, 0.0, 0.0, 0.0, 0.0, 0.0, 0.0, 0.0, 0.0, 0.0, 0.0, 0.0, 0.0, 0.0, 0.0, 0.0, 0.0, 0.0, 0.0, 0.0, 0.0, 0.0, 0.0, 0.0, 0.0, 0.0, 0.0, 0.0, 0.0, 0.0, 0.0, 0.0, 0.0, 0.0, 0.0, 0.0, 0.0, 0.0, 0.0, 0.0, 0.0, 0.0, 0.0, 0.0, 0.0, 0.0, 0.0, 0.0, 0.0, 0.0, 0.0, 0.0, 0.0, 0.0, 0.0, 0.0]","[0.5917006731033325, 0.5804973840713501, 0.5550591349601746, 0.55861496925354, 0.5401512384414673, 0.9089878797531128, 0.5641341805458069, 0.8358001708984375, 0.5908635854721069, 0.5674634575843811, 0.5710543394088745, 0.5329556465148926, 0.5989928841590881, 0.8799340724945068, 0.6109297275543213, 0.5297689437866211, 0.8375924229621887, 0.5481007695198059, 0.572916567325592, 0.881881833076477, 0.5439081788063049, 0.5971072316169739, 0.5158025622367859, 0.5583865642547607, 0.5507170557975769, 0.5791183710098267, 0.5631285309791565, 0.826405942440033, 0.8792214393615723, 0.84653639793396, 0.801910400390625, 0.5744888186454773, 0.5839521288871765, 0.587065577507019, 0.8103412389755249, 0.5581657290458679, 0.5551100969314575, 0.8083815574645996, 0.5669004917144775, 0.880675196647644, 0.5527307987213135, 0.7778986692428589, 0.8105970025062561, 0.5734208226203918, 0.5831758975982666, 0.5815710425376892, 0.905582070350647, 0.5724567174911499, 0.6012852191925049, 0.8489630818367004, 0.8935142159461975, 0.8282382488250732, 0.5570645928382874, 0.8175449371337891, 0.8334530591964722, 0.5173674821853638, 0.5915159583091736, 0.8082677125930786, 0.5273380279541016, 0.5364781618118286, 0.576850414276123, 0.8155652284622192, 0.5621712803840637, 0.594747006893158, 0.5496354103088379, 0.827151894569397, 0.5713250041007996, 0.5794076919555664, 0.580213725566864, 0.560745358467102, 0.5618686079978943, 0.5939710736274719, 0.5399879217147827, 0.8557748794555664, 0.5514216423034668, 0.8799348473548889, 0.5112409591674805, 0.5393648147583008, 0.8591772317886353, 0.5848749876022339, 0.5276405811309814, 0.9095686674118042, 0.5504022836685181, 0.8580415844917297, 0.5941532850265503, 0.5724852085113525, 0.5385411977767944, 0.8568203449249268, 0.5432985424995422, 0.5376442074775696, 0.5633853673934937, 0.5662479400634766, 0.9149129390716553, 0.5691084265708923, 0.8048316240310669, 0.5615147352218628, 0.5793874263763428, 0.517552375793457, 0.5654983520507812, 0.815731406211853]",0,set(),"[1.0, 1.0, 0.9166666865348816, 0.9166666865348816, 1.0, 0.0, 1.0, 0.0, 1.0, 1.0, 1.0, 1.0, 1.0, 0.0, 0.8333333134651184, 1.0, 0.0, 1.0, 1.0, 0.0, 1.0, 1.0, 1.0, 1.0, 1.0, 1.0, 1.0, 0.0, 0.0, 0.0, 0.0, 0.9166666865348816, 1.0, 1.0, 0.0, 0.9166666865348816, 1.0, 0.1666666716337204, 1.0, 0.0, 1.0, 0.0, 0.0, 1.0, 1.0, 1.0, 0.0, 1.0, 1.0, 0.0, 0.0, 0.0, 1.0, 0.0, 0.0, 1.0, 1.0, 0.0833333358168602, 1.0, 1.0, 1.0, 0.0, 1.0, 0.9166666865348816, 1.0, 0.0, 1.0, 1.0, 1.0, 0.9166666865348816, 0.9166666865348816, 1.0, 1.0, 0.0, 1.0, 0.0, 1.0, 1.0, 0.0, 1.0, 1.0, 0.0, 1.0, 0.0, 0.9166666865348816, 1.0, 1.0, 0.0, 1.0, 1.0, 1.0, 1.0, 0.0, 1.0, 0.0, 1.0, 1.0, 1.0, 1.0, 0.0]","[0.9943262338638306, 0.9947990775108337, 0.9910165667533875, 0.9924349784851074, 0.9914893507957458, 0.9943262338638306, 0.9924349784851074, 0.993380606174469, 0.9943262338638306, 0.9895980954170227, 0.9900709390640259, 0.9881796836853027, 0.9943262338638306, 0.9938534498214722, 0.9929078221321106, 0.9924349784851074, 0.9924349784851074, 0.9924349784851074, 0.9947990775108337, 0.9943262338638306, 0.9914893507957458, 0.9947990775108337, 0.9891253113746643, 0.9929078221321106, 0.9924349784851074, 0.9938534498214722, 0.9914893507957458, 0.9938534498214722, 0.991962194442749, 0.991962194442749, 0.9914893507957458, 0.9938534498214722, 0.991962194442749, 0.9938534498214722, 0.9910165667533875, 0.9914893507957458, 0.991962194442749, 0.9910165667533875, 0.9905437231063843, 0.9947990775108337, 0.9924349784851074, 0.9895980954170227, 0.9938534498214722, 0.991962194442749, 0.9929078221321106, 0.9943262338638306, 0.9938534498214722, 0.9943262338638306, 0.9929078221321106, 0.991962194442749, 0.9929078221321106, 0.9924349784851074, 0.9929078221321106, 0.9914893507957458, 0.9910165667533875, 0.9891253113746643, 0.9947990775108337, 0.9914893507957458, 0.9905437231063843, 0.9895980954170227, 0.9924349784851074, 0.9914893507957458, 0.9929078221321106, 0.9938534498214722, 0.991962194442749, 0.9924349784851074, 0.9924349784851074, 0.991962194442749, 0.9929078221321106, 0.9929078221321106, 0.9929078221321106, 0.9938534498214722, 0.9924349784851074, 0.9924349784851074, 0.9895980954170227, 0.9943262338638306, 0.9900709390640259, 0.991962194442749, 0.9943262338638306, 0.9947990775108337, 0.9914893507957458, 0.9938534498214722, 0.9924349784851074, 0.9943262338638306, 0.993380606174469, 0.9929078221321106, 0.9914893507957458, 0.991962194442749, 0.9924349784851074, 0.9910165667533875, 0.9900709390640259, 0.991962194442749, 0.9938534498214722, 0.991962194442749, 0.9891253113746643, 0.9924349784851074, 0.9938534498214722, 0.9910165667533875, 0.9929078221321106, 0.9914893507957458]",0.6741666197776794,0.9924019575119019,0.9877450466156006,0.9877450466156006,0.0078125,0.9925827980041504,0.992434988179669,0.11293721199035645
86,100,100,0,26,74,"[0.0, 0.0, 0.0, 0.0, 0.0, 0.0, 0.0, 0.0, 0.0, 0.0, 0.0, 0.0, 0.0, 0.0, 0.0, 0.0, 0.0, 0.0, 0.0, 0.0, 0.0, 0.0, 0.0, 0.0, 0.0, 0.0, 0.0, 0.0, 0.0, 0.0, 0.0, 0.0, 0.0, 0.0, 0.0, 0.0, 0.0, 0.0, 0.0, 0.0, 0.0, 0.0, 0.0, 0.0, 0.0, 0.0, 0.0, 0.0, 0.0, 0.0, 0.0, 0.0, 0.0, 0.0, 0.0, 0.0, 0.0, 0.0, 0.0, 0.0, 0.0, 0.0, 0.0, 0.0, 0.0, 0.0, 0.0, 0.0, 0.0, 0.0, 0.0, 0.0, 0.0, 0.0, 0.0, 0.0, 0.0, 0.0, 0.0, 0.0, 0.0, 0.0, 0.0, 0.0, 0.0, 0.0, 0.0, 0.0, 0.0, 0.0, 0.0, 0.0, 0.0, 0.0, 0.0, 0.0, 0.0, 0.0, 0.0, 0.0]","[0.5736879706382751, 0.9100973606109619, 0.5334892272949219, 0.8612754344940186, 0.5398197174072266, 0.5814756155014038, 0.5866673588752747, 0.890112578868866, 0.5824877023696899, 0.5569759011268616, 0.5217048525810242, 0.550328254699707, 0.5477958917617798, 0.5865316390991211, 0.6023960113525391, 0.5179390907287598, 0.8234331607818604, 0.5439430475234985, 0.5668799877166748, 0.5669539570808411, 0.8646337985992432, 0.5708545446395874, 0.5598739385604858, 0.8052722811698914, 0.5515730381011963, 0.590194582939148, 0.5928504467010498, 0.5886536240577698, 0.591854453086853, 0.8177597522735596, 0.8765978813171387, 0.821736216545105, 0.831894040107727, 0.5420368909835815, 0.5858408212661743, 0.9086110591888428, 0.5404359102249146, 0.5646181106567383, 0.5931863188743591, 0.5346215963363647, 0.5676811337471008, 0.8650861978530884, 0.579931914806366, 0.597610592842102, 0.5885980129241943, 0.596015214920044, 0.8315627574920654, 0.53993821144104, 0.5533247590065002, 0.5850532054901123, 0.8426055908203125, 0.576856255531311, 0.553846001625061, 0.5139361619949341, 0.5457161664962769, 0.5538092255592346, 0.5828500390052795, 0.5894010066986084, 0.6011667251586914, 0.813300371170044, 0.8487557172775269, 0.5553263425827026, 0.534865140914917, 0.8459551334381104, 0.8517123460769653, 0.5762460231781006, 0.5325087308883667, 0.541875958442688, 0.5979259610176086, 0.5676893591880798, 0.5904935598373413, 0.574529767036438, 0.5478962659835815, 0.8264110088348389, 0.5926090478897095, 0.9297312498092651, 0.5490559339523315, 0.5652620792388916, 0.819493293762207, 0.8483873605728149, 0.5475946664810181, 0.5654889345169067, 0.5817893743515015, 0.8164064884185791, 0.8450522422790527, 0.5327837467193604, 0.5878442525863647, 0.6095311045646667, 0.5558839440345764, 0.5367381572723389, 0.5655817985534668, 0.5800302028656006, 0.8502678871154785, 0.5535369515419006, 0.5426895618438721, 0.8188025951385498, 0.581709623336792, 0.5665363073348999, 0.5798138380050659, 0.5941770076751709]",0,set(),"[1.0, 0.0, 1.0, 0.0, 1.0, 0.9166666865348816, 1.0, 0.0833333358168602, 1.0, 0.9166666865348816, 1.0, 1.0, 1.0, 1.0, 1.0, 1.0, 0.0, 1.0, 1.0, 1.0, 0.0, 1.0, 1.0, 0.0833333358168602, 1.0, 0.9166666865348816, 1.0, 1.0, 1.0, 0.0, 0.0, 0.0, 0.0, 1.0, 1.0, 0.0, 1.0, 1.0, 1.0, 1.0, 1.0, 0.0, 1.0, 1.0, 1.0, 0.9166666865348816, 0.0833333358168602, 1.0, 0.9166666865348816, 1.0, 0.0, 1.0, 0.9166666865348816, 1.0, 1.0, 1.0, 1.0, 1.0, 0.9166666865348816, 0.0, 0.0, 1.0, 1.0, 0.0, 0.0, 1.0, 1.0, 1.0, 0.9166666865348816, 1.0, 1.0, 0.9166666865348816, 1.0, 0.0, 1.0, 0.0, 1.0, 1.0, 0.0833333358168602, 0.0833333358168602, 1.0, 1.0, 1.0, 0.0, 0.0, 1.0, 1.0, 1.0, 1.0, 0.9166666865348816, 1.0, 1.0, 0.0, 1.0, 1.0, 0.0833333358168602, 0.9166666865348816, 1.0, 1.0, 1.0]","[0.9943262338638306, 0.9943262338638306, 0.9895980954170227, 0.9929078221321106, 0.991962194442749, 0.993380606174469, 0.9952718615531921, 0.993380606174469, 0.9947990775108337, 0.9929078221321106, 0.9914893507957458, 0.993380606174469, 0.991962194442749, 0.9947990775108337, 0.9938534498214722, 0.9905437231063843, 0.9938534498214722, 0.9924349784851074, 0.9938534498214722, 0.993380606174469, 0.9929078221321106, 0.9943262338638306, 0.991962194442749, 0.9895980954170227, 0.9914893507957458, 0.9924349784851074, 0.9952718615531921, 0.9947990775108337, 0.9943262338638306, 0.9914893507957458, 0.9924349784851074, 0.991962194442749, 0.9914893507957458, 0.991962194442749, 0.993380606174469, 0.9938534498214722, 0.9924349784851074, 0.9938534498214722, 0.9947990775108337, 0.9895980954170227, 0.991962194442749, 0.9929078221321106, 0.993380606174469, 0.9943262338638306, 0.9947990775108337, 0.9947990775108337, 0.9914893507957458, 0.991962194442749, 0.991962194442749, 0.9938534498214722, 0.9924349784851074, 0.9938534498214722, 0.993380606174469, 0.991962194442749, 0.991962194442749, 0.9905437231063843, 0.9947990775108337, 0.9943262338638306, 0.9929078221321106, 0.9895980954170227, 0.9943262338638306, 0.9929078221321106, 0.9914893507957458, 0.9929078221321106, 0.9924349784851074, 0.9943262338638306, 0.9910165667533875, 0.9929078221321106, 0.9947990775108337, 0.993380606174469, 0.9947990775108337, 0.993380606174469, 0.991962194442749, 0.9891253113746643, 0.991962194442749, 0.9952718615531921, 0.9924349784851074, 0.9910165667533875, 0.9895980954170227, 0.993380606174469, 0.993380606174469, 0.9947990775108337, 0.991962194442749, 0.991962194442749, 0.993380606174469, 0.9924349784851074, 0.9938534498214722, 0.9952718615531921, 0.9924349784851074, 0.9924349784851074, 0.991962194442749, 0.993380606174469, 0.9938534498214722, 0.991962194442749, 0.9924349784851074, 0.9938534498214722, 0.9947990775108337, 0.993380606174469, 0.9952718615531921, 0.9947990775108337]",0.7358332872390747,0.9929502606391907,0.9876126646995544,0.9876126646995544,0.01923076994717121,0.9924895763397217,0.992434988179669,0.21455669403076172
87,100,100,0,30,70,"[0.0, 0.0, 0.0, 0.0, 0.0, 0.0, 0.0, 0.0, 0.0, 0.0, 0.0, 0.0, 0.0, 0.0, 0.0, 0.0, 0.0, 0.0, 0.0, 0.0, 0.0, 0.0, 0.0, 0.0, 0.0, 0.0, 0.0, 0.0, 0.0, 0.0, 0.0, 0.0, 0.0, 0.0, 0.0, 0.0, 0.0, 0.0, 0.0, 0.0, 0.0, 0.0, 0.0, 0.0, 0.0, 0.0, 0.0, 0.0, 0.0, 0.0, 0.0, 0.0, 0.0, 0.0, 0.0, 0.0, 0.0, 0.0, 0.0, 0.0, 0.0, 0.0, 0.0, 0.0, 0.0, 0.0, 0.0, 0.0, 0.0, 0.0, 0.0, 0.0, 0.0, 0.0, 0.0, 0.0, 0.0, 0.0, 0.0, 0.0, 0.0, 0.0, 0.0, 0.0, 0.0, 0.0, 0.0, 0.0, 0.0, 0.0, 0.0, 0.0, 0.0, 0.0, 0.0, 0.0, 0.0, 0.0, 0.0, 0.0]","[0.6099833250045776, 0.5750283002853394, 0.5292863249778748, 0.8473894596099854, 0.5250235795974731, 0.8869433403015137, 0.4923725426197052, 0.8568825125694275, 0.8169116377830505, 0.5421911478042603, 0.5254250168800354, 0.5536471605300903, 0.5510185956954956, 0.540337085723877, 0.8160444498062134, 0.5498162508010864, 0.5964279174804688, 0.5766383409500122, 0.6021096706390381, 0.59327232837677, 0.5843873023986816, 0.5403156280517578, 0.5631181001663208, 0.5715325474739075, 0.8191810846328735, 0.562975287437439, 0.6102293729782104, 0.5535748600959778, 0.5183164477348328, 0.8492310047149658, 0.5574163198471069, 0.8026344776153564, 0.5732669830322266, 0.5803213119506836, 0.5716480016708374, 0.8492845296859741, 0.8461767435073853, 0.5839577913284302, 0.8222631216049194, 0.551618218421936, 0.8638937473297119, 0.8610458374023438, 0.5448596477508545, 0.8729808926582336, 0.5784755945205688, 0.5794678926467896, 0.5600789785385132, 0.5674631595611572, 0.5444953441619873, 0.8843661546707153, 0.5405593514442444, 0.5827310085296631, 0.5299801826477051, 0.5760772228240967, 0.5467245578765869, 0.5893359184265137, 0.549301266670227, 0.8250408172607422, 0.8712955713272095, 0.5505430698394775, 0.9340336918830872, 0.572317361831665, 0.7941367626190186, 0.5248775482177734, 0.6026880741119385, 0.5581282377243042, 0.5511895418167114, 0.5724482536315918, 0.5650493502616882, 0.8370428085327148, 0.5249818563461304, 0.5512065887451172, 0.5894335508346558, 0.5555848479270935, 0.7856037616729736, 0.5877295136451721, 0.6004270315170288, 0.5824432969093323, 0.8414257764816284, 0.7588246464729309, 0.5646655559539795, 0.546671986579895, 0.5657609701156616, 0.8930374383926392, 0.8261051774024963, 0.5366247892379761, 0.5694971084594727, 0.5530413389205933, 0.5714578628540039, 0.7819759845733643, 0.5824562311172485, 0.5747121572494507, 0.5619419813156128, 0.842573881149292, 0.8681115508079529, 0.8654214143753052, 0.608167290687561, 0.5438206195831299, 0.8752237558364868, 0.5645318627357483]",0,set(),"[1.0, 1.0, 1.0, 0.0, 0.9166666865348816, 0.0, 1.0, 0.0, 0.0, 1.0, 1.0, 1.0, 1.0, 0.9166666865348816, 0.0, 1.0, 0.9166666865348816, 1.0, 1.0, 1.0, 1.0, 1.0, 1.0, 1.0, 0.0, 1.0, 1.0, 1.0, 1.0, 0.0, 1.0, 0.0, 0.9166666865348816, 1.0, 1.0, 0.0, 0.0, 1.0, 0.0833333358168602, 1.0, 0.0, 0.0, 1.0, 0.0, 1.0, 1.0, 1.0, 0.9166666865348816, 1.0, 0.0, 1.0, 1.0, 1.0, 1.0, 1.0, 1.0, 1.0, 0.0, 0.0, 1.0, 0.0, 1.0, 0.0, 1.0, 1.0, 1.0, 1.0, 0.9166666865348816, 1.0, 0.0, 1.0, 1.0, 1.0, 1.0, 0.0, 1.0, 1.0, 1.0, 0.0, 0.0833333358168602, 1.0, 1.0, 1.0, 0.0, 0.0, 1.0, 1.0, 1.0, 1.0, 0.0833333358168602, 1.0, 1.0, 0.9166666865348816, 0.0, 0.0, 0.0, 0.8333333134651184, 1.0, 0.0833333358168602, 1.0]","[0.9952718615531921, 0.9943262338638306, 0.9900709390640259, 0.9924349784851074, 0.991962194442749, 0.9938534498214722, 0.9900709390640259, 0.993380606174469, 0.9924349784851074, 0.9929078221321106, 0.9914893507957458, 0.9943262338638306, 0.9943262338638306, 0.9914893507957458, 0.9900709390640259, 0.9938534498214722, 0.9947990775108337, 0.9943262338638306, 0.9947990775108337, 0.9952718615531921, 0.9947990775108337, 0.9914893507957458, 0.991962194442749, 0.9943262338638306, 0.9924349784851074, 0.991962194442749, 0.9952718615531921, 0.9924349784851074, 0.9914893507957458, 0.993380606174469, 0.9924349784851074, 0.9914893507957458, 0.9947990775108337, 0.9938534498214722, 0.9943262338638306, 0.9914893507957458, 0.9929078221321106, 0.9947990775108337, 0.9914893507957458, 0.9938534498214722, 0.9947990775108337, 0.9938534498214722, 0.991962194442749, 0.9952718615531921, 0.9947990775108337, 0.993380606174469, 0.991962194442749, 0.993380606174469, 0.9924349784851074, 0.9929078221321106, 0.9943262338638306, 0.9938534498214722, 0.9914893507957458, 0.993380606174469, 0.9924349784851074, 0.9938534498214722, 0.9924349784851074, 0.9938534498214722, 0.9947990775108337, 0.9905437231063843, 0.9952718615531921, 0.9938534498214722, 0.9891253113746643, 0.991962194442749, 0.9952718615531921, 0.993380606174469, 0.991962194442749, 0.9938534498214722, 0.9929078221321106, 0.9914893507957458, 0.9924349784851074, 0.9914893507957458, 0.9938534498214722, 0.9924349784851074, 0.9900709390640259, 0.9952718615531921, 0.9938534498214722, 0.9952718615531921, 0.9938534498214722, 0.9905437231063843, 0.993380606174469, 0.9929078221321106, 0.9943262338638306, 0.9929078221321106, 0.9924349784851074, 0.9924349784851074, 0.9929078221321106, 0.9914893507957458, 0.9938534498214722, 0.9905437231063843, 0.993380606174469, 0.993380606174469, 0.9938534498214722, 0.991962194442749, 0.9929078221321106, 0.9947990775108337, 0.9929078221321106, 0.9905437231063843, 0.9947990775108337, 0.9929078221321106]",0.6958333849906921,0.9930496215820312,0.9892857074737549,0.9892857074737549,0.011111111380159855,0.9927186369895935,0.9933806146572104,0.11203122138977051
88,100,100,0,31,69,"[0.0, 0.0, 0.0, 0.0, 0.0, 0.0, 0.0, 0.0, 0.0, 0.0, 0.0, 0.0, 0.0, 0.0, 0.0, 0.0, 0.0, 0.0, 0.0, 0.0, 0.0, 0.0, 0.0, 0.0, 0.0, 0.0, 0.0, 0.0, 0.0, 0.0, 0.0, 0.0, 0.0, 0.0, 0.0, 0.0, 0.0, 0.0, 0.0, 0.0, 0.0, 0.0, 0.0, 0.0, 0.0, 0.0, 0.0, 0.0, 0.0, 0.0, 0.0, 0.0, 0.0, 0.0, 0.0, 0.0, 0.0, 0.0, 0.0, 0.0, 0.0, 0.0, 0.0, 0.0, 0.0, 0.0, 0.0, 0.0, 0.0, 0.0, 0.0, 0.0, 0.0, 0.0, 0.0, 0.0, 0.0, 0.0, 0.0, 0.0, 0.0, 0.0, 0.0, 0.0, 0.0, 0.0, 0.0, 0.0, 0.0, 0.0, 0.0, 0.0, 0.0, 0.0, 0.0, 0.0, 0.0, 0.0, 0.0, 0.0]","[0.5822933912277222, 0.5503323078155518, 0.5759620666503906, 0.8317882418632507, 0.8163460493087769, 0.8146182894706726, 0.531335711479187, 0.5414447784423828, 0.828796923160553, 0.5888420939445496, 0.5654208660125732, 0.5750402212142944, 0.8901494741439819, 0.5529526472091675, 0.8174465894699097, 0.5358072519302368, 0.8083460330963135, 0.5569804906845093, 0.5706744194030762, 0.5471475124359131, 0.8493672609329224, 0.5993938446044922, 0.5547432899475098, 0.8286011219024658, 0.5649244785308838, 0.5950238108634949, 0.8189871907234192, 0.5656837224960327, 0.6026843786239624, 0.5359382629394531, 0.5893528461456299, 0.5419538021087646, 0.5477712154388428, 0.561996579170227, 0.5742299556732178, 0.5620402097702026, 0.80469810962677, 0.8696050643920898, 0.551862895488739, 0.8663384914398193, 0.5638970732688904, 0.5268657207489014, 0.5800490379333496, 0.8339442610740662, 0.568462610244751, 0.5227514505386353, 0.5362852811813354, 0.8175378441810608, 0.5163308382034302, 0.5784794092178345, 0.5673336982727051, 0.8386452198028564, 0.8088905811309814, 0.5784932374954224, 0.7960978746414185, 0.5674091577529907, 0.5457820892333984, 0.5845977067947388, 0.5255814790725708, 0.5345011353492737, 0.5688905715942383, 0.5621172189712524, 0.5591591596603394, 0.840769350528717, 0.5743156671524048, 0.8904805183410645, 0.5843054056167603, 0.5566419363021851, 0.6051912903785706, 0.5742456912994385, 0.5851609706878662, 0.5631155967712402, 0.8192405700683594, 0.8650640249252319, 0.5358933210372925, 0.8493807315826416, 0.5645493268966675, 0.5853596925735474, 0.5831910371780396, 0.5496079921722412, 0.550821840763092, 0.5396732091903687, 0.8112671375274658, 0.5347090363502502, 0.5733991861343384, 0.5757732391357422, 0.5715054273605347, 0.5402194857597351, 0.866818904876709, 0.5778895020484924, 0.8482138514518738, 0.8740146160125732, 0.8096650838851929, 0.5608999729156494, 0.8226026296615601, 0.8446229696273804, 0.5442337989807129, 0.5637837648391724, 0.543423056602478, 0.8146036267280579]",0,set(),"[1.0, 1.0, 1.0, 0.0, 0.0, 0.1666666716337204, 1.0, 1.0, 0.0, 1.0, 1.0, 1.0, 0.0, 0.9166666865348816, 0.0, 1.0, 0.0, 1.0, 0.9166666865348816, 1.0, 0.0, 1.0, 1.0, 0.0, 0.9166666865348816, 1.0, 0.0, 1.0, 1.0, 1.0, 0.9166666865348816, 1.0, 1.0, 1.0, 1.0, 1.0, 0.0, 0.0, 1.0, 0.0, 1.0, 1.0, 0.9166666865348816, 0.0, 1.0, 1.0, 1.0, 0.0, 1.0, 1.0, 1.0, 0.0833333358168602, 0.0, 1.0, 0.0833333358168602, 1.0, 1.0, 1.0, 1.0, 1.0, 0.9166666865348816, 1.0, 1.0, 0.0, 1.0, 0.0, 1.0, 1.0, 1.0, 1.0, 1.0, 1.0, 0.0, 0.0833333358168602, 1.0, 0.0, 1.0, 0.9166666865348816, 1.0, 1.0, 1.0, 1.0, 0.0, 1.0, 1.0, 1.0, 1.0, 1.0, 0.0, 1.0, 0.0, 0.0, 0.0833333358168602, 1.0, 0.0, 0.0, 1.0, 1.0, 1.0, 0.1666666716337204]","[0.9952718615531921, 0.9910165667533875, 0.9952718615531921, 0.9914893507957458, 0.9895980954170227, 0.991962194442749, 0.9924349784851074, 0.991962194442749, 0.9943262338638306, 0.9947990775108337, 0.9924349784851074, 0.9938534498214722, 0.9947990775108337, 0.9929078221321106, 0.9947990775108337, 0.9929078221321106, 0.991962194442749, 0.9943262338638306, 0.9943262338638306, 0.9924349784851074, 0.9929078221321106, 0.9947990775108337, 0.9924349784851074, 0.9924349784851074, 0.9947990775108337, 0.9952718615531921, 0.9914893507957458, 0.9952718615531921, 0.9952718615531921, 0.991962194442749, 0.9952718615531921, 0.9924349784851074, 0.9929078221321106, 0.9924349784851074, 0.9947990775108337, 0.9952718615531921, 0.991962194442749, 0.9947990775108337, 0.993380606174469, 0.9952718615531921, 0.993380606174469, 0.991962194442749, 0.9938534498214722, 0.9924349784851074, 0.9914893507957458, 0.991962194442749, 0.9943262338638306, 0.9929078221321106, 0.991962194442749, 0.9938534498214722, 0.9947990775108337, 0.9938534498214722, 0.9914893507957458, 0.993380606174469, 0.9910165667533875, 0.9929078221321106, 0.9943262338638306, 0.9929078221321106, 0.991962194442749, 0.9924349784851074, 0.9938534498214722, 0.9929078221321106, 0.9938534498214722, 0.993380606174469, 0.9938534498214722, 0.9947990775108337, 0.9947990775108337, 0.991962194442749, 0.9952718615531921, 0.9947990775108337, 0.9952718615531921, 0.993380606174469, 0.9924349784851074, 0.993380606174469, 0.9929078221321106, 0.9924349784851074, 0.993380606174469, 0.993380606174469, 0.9943262338638306, 0.9924349784851074, 0.9938534498214722, 0.9929078221321106, 0.9914893507957458, 0.9924349784851074, 0.993380606174469, 0.993380606174469, 0.9929078221321106, 0.9914893507957458, 0.9952718615531921, 0.9947990775108337, 0.9929078221321106, 0.9924349784851074, 0.993380606174469, 0.9924349784851074, 0.9929078221321106, 0.9914893507957458, 0.9924349784851074, 0.9924349784851074, 0.9924349784851074, 0.9914893507957458]",0.690833330154419,0.9932434558868408,0.9915459752082825,0.9915459752082825,0.02150537446141243,0.9928163290023804,0.9933806146572104,0.21136140823364258
89,100,100,0,27,73,"[0.0, 0.0, 0.0, 0.0, 0.0, 0.0, 0.0, 0.0, 0.0, 0.0, 0.0, 0.0, 0.0, 0.0, 0.0, 0.0, 0.0, 0.0, 0.0, 0.0, 0.0, 0.0, 0.0, 0.0, 0.0, 0.0, 0.0, 0.0, 0.0, 0.0, 0.0, 0.0, 0.0, 0.0, 0.0, 0.0, 0.0, 0.0, 0.0, 0.0, 0.0, 0.0, 0.0, 0.0, 0.0, 0.0, 0.0, 0.0, 0.0, 0.0, 0.0, 0.0, 0.0, 0.0, 0.0, 0.0, 0.0, 0.0, 0.0, 0.0, 0.0, 0.0, 0.0, 0.0, 0.0, 0.0, 0.0, 0.0, 0.0, 0.0, 0.0, 0.0, 0.0, 0.0, 0.0, 0.0, 0.0, 0.0, 0.0, 0.0, 0.0, 0.0, 0.0, 0.0, 0.0, 0.0, 0.0, 0.0, 0.0, 0.0, 0.0, 0.0, 0.0, 0.0, 0.0, 0.0, 0.0, 0.0, 0.0, 0.0]","[0.877434492111206, 0.5824878811836243, 0.5926363468170166, 0.5700037479400635, 0.5438500642776489, 0.8331552147865295, 0.8682100772857666, 0.551526665687561, 0.5528695583343506, 0.5457258224487305, 0.8270295858383179, 0.5310937166213989, 0.8118688464164734, 0.5695509910583496, 0.7849661707878113, 0.5821813941001892, 0.5561937093734741, 0.5609157085418701, 0.8865070343017578, 0.5462075471878052, 0.5466616749763489, 0.5599691867828369, 0.5355902314186096, 0.8618637323379517, 0.8568786382675171, 0.49977895617485046, 0.8432192802429199, 0.547947108745575, 0.8789576292037964, 0.5787913799285889, 0.5904406905174255, 0.5252856016159058, 0.5940035581588745, 0.6055932641029358, 0.5079832673072815, 0.5371615886688232, 0.568570077419281, 0.8768700361251831, 0.8252886533737183, 0.5613260269165039, 0.5866109728813171, 0.8588752746582031, 0.5610449314117432, 0.55823814868927, 0.5656337141990662, 0.82377028465271, 0.532302975654602, 0.5508143305778503, 0.8066120147705078, 0.5741536617279053, 0.566376268863678, 0.5923633575439453, 0.5523546934127808, 0.5854275822639465, 0.5670501589775085, 0.8575426936149597, 0.8103640079498291, 0.5534499883651733, 0.5604683756828308, 0.5574468374252319, 0.5653516054153442, 0.5595346689224243, 0.6038567423820496, 0.8589158654212952, 0.507010817527771, 0.8508407473564148, 0.5637876987457275, 0.5658490061759949, 0.5638169050216675, 0.5844150185585022, 0.5339191555976868, 0.523500382900238, 0.5550038814544678, 0.5206789970397949, 0.6064452528953552, 0.5405714511871338, 0.8372164368629456, 0.5587049126625061, 0.529755711555481, 0.8193657398223877, 0.6072210073471069, 0.5844330191612244, 0.5338662266731262, 0.5363847017288208, 0.5940828323364258, 0.8803982734680176, 0.5302248001098633, 0.927740752696991, 0.559394359588623, 0.5662082433700562, 0.5607608556747437, 0.5361976027488708, 0.585340678691864, 0.5696534514427185, 0.5656206011772156, 0.821426272392273, 0.5603079795837402, 0.8340240716934204, 0.5655808448791504, 0.8546543717384338]",0,set(),"[0.0, 1.0, 1.0, 0.9166666865348816, 1.0, 0.0, 0.0, 1.0, 1.0, 1.0, 0.0, 1.0, 0.0833333358168602, 1.0, 0.0, 1.0, 1.0, 1.0, 0.0, 1.0, 1.0, 1.0, 1.0, 0.0, 0.0, 1.0, 0.0, 1.0, 0.0, 1.0, 1.0, 1.0, 1.0, 0.8333333134651184, 1.0, 1.0, 1.0, 0.0, 0.0, 1.0, 1.0, 0.0, 1.0, 0.9166666865348816, 1.0, 0.0, 1.0, 1.0, 0.0, 1.0, 1.0, 1.0, 1.0, 1.0, 1.0, 0.0, 0.0, 0.9166666865348816, 1.0, 1.0, 0.9166666865348816, 1.0, 1.0, 0.0, 1.0, 0.0, 1.0, 1.0, 1.0, 1.0, 1.0, 1.0, 1.0, 1.0, 1.0, 1.0, 0.0833333358168602, 1.0, 1.0, 0.0, 1.0, 1.0, 1.0, 1.0, 1.0, 0.0, 0.9166666865348816, 0.0, 1.0, 1.0, 1.0, 1.0, 0.9166666865348816, 1.0, 1.0, 0.0, 1.0, 0.0, 0.9166666865348816, 0.0]","[0.9947990775108337, 0.9947990775108337, 0.9952718615531921, 0.9952718615531921, 0.9924349784851074, 0.9900709390640259, 0.9929078221321106, 0.993380606174469, 0.993380606174469, 0.993380606174469, 0.9924349784851074, 0.993380606174469, 0.9905437231063843, 0.9938534498214722, 0.991962194442749, 0.9943262338638306, 0.993380606174469, 0.9938534498214722, 0.9929078221321106, 0.991962194442749, 0.9938534498214722, 0.9938534498214722, 0.9943262338638306, 0.9938534498214722, 0.993380606174469, 0.9929078221321106, 0.993380606174469, 0.993380606174469, 0.9929078221321106, 0.9952718615531921, 0.9952718615531921, 0.9924349784851074, 0.9947990775108337, 0.993380606174469, 0.9914893507957458, 0.9924349784851074, 0.993380606174469, 0.9929078221321106, 0.991962194442749, 0.993380606174469, 0.9943262338638306, 0.9938534498214722, 0.991962194442749, 0.9938534498214722, 0.9929078221321106, 0.9924349784851074, 0.991962194442749, 0.993380606174469, 0.991962194442749, 0.9929078221321106, 0.9943262338638306, 0.9947990775108337, 0.9929078221321106, 0.9943262338638306, 0.9952718615531921, 0.9952718615531921, 0.9924349784851074, 0.9952718615531921, 0.9938534498214722, 0.9938534498214722, 0.993380606174469, 0.9947990775108337, 0.9943262338638306, 0.9943262338638306, 0.991962194442749, 0.9947990775108337, 0.9924349784851074, 0.9943262338638306, 0.993380606174469, 0.9952718615531921, 0.9929078221321106, 0.9924349784851074, 0.9938534498214722, 0.9924349784851074, 0.9947990775108337, 0.9938534498214722, 0.9924349784851074, 0.9947990775108337, 0.9924349784851074, 0.9914893507957458, 0.9952718615531921, 0.9938534498214722, 0.9938534498214722, 0.9929078221321106, 0.9952718615531921, 0.9938534498214722, 0.993380606174469, 0.9952718615531921, 0.9924349784851074, 0.9952718615531921, 0.9947990775108337, 0.9905437231063843, 0.9929078221321106, 0.9952718615531921, 0.9947990775108337, 0.9924349784851074, 0.9943262338638306, 0.9938534498214722, 0.9952718615531921, 0.9914893507957458]",0.7241666316986084,0.9935224652290344,0.9897260069847107,0.9897260069847107,0.006172839552164078,0.9929602742195129,0.9933806146572104,0.21588873863220215
90,100,100,0,26,74,"[0.0, 0.0, 0.0, 0.0, 0.0, 0.0, 0.0, 0.0, 0.0, 0.0, 0.0, 0.0, 0.0, 0.0, 0.0, 0.0, 0.0, 0.0, 0.0, 0.0, 0.0, 0.0, 0.0, 0.0, 0.0, 0.0, 0.0, 0.0, 0.0, 0.0, 0.0, 0.0, 0.0, 0.0, 0.0, 0.0, 0.0, 0.0, 0.0, 0.0, 0.0, 0.0, 0.0, 0.0, 0.0, 0.0, 0.0, 0.0, 0.0, 0.0, 0.0, 0.0, 0.0, 0.0, 0.0, 0.0, 0.0, 0.0, 0.0, 0.0, 0.0, 0.0, 0.0, 0.0, 0.0, 0.0, 0.0, 0.0, 0.0, 0.0, 0.0, 0.0, 0.0, 0.0, 0.0, 0.0, 0.0, 0.0, 0.0, 0.0, 0.0, 0.0, 0.0, 0.0, 0.0, 0.0, 0.0, 0.0, 0.0, 0.0, 0.0, 0.0, 0.0, 0.0, 0.0, 0.0, 0.0, 0.0, 0.0, 0.0]","[0.8691698312759399, 0.8240998983383179, 0.5535822510719299, 0.5753656029701233, 0.847205400466919, 0.5665520429611206, 0.8412073850631714, 0.5661656856536865, 0.5578374862670898, 0.5582700967788696, 0.5925328731536865, 0.5750300884246826, 0.5834813117980957, 0.563459575176239, 0.8959353566169739, 0.5331056118011475, 0.8020878434181213, 0.8117311596870422, 0.5559738874435425, 0.5278550386428833, 0.5821123123168945, 0.5694985389709473, 0.5961593985557556, 0.5788600444793701, 0.5460143089294434, 0.8631858825683594, 0.8271660804748535, 0.5994865894317627, 0.8278068900108337, 0.5732607245445251, 0.5139533281326294, 0.5835680961608887, 0.7870239019393921, 0.5517570972442627, 0.5674084424972534, 0.8583459854125977, 0.5272539854049683, 0.5553892850875854, 0.5701702833175659, 0.5565177202224731, 0.8369355201721191, 0.8636922836303711, 0.5498101115226746, 0.8515052795410156, 0.8466928005218506, 0.8096792697906494, 0.5143324732780457, 0.5741492509841919, 0.5968990325927734, 0.5455901622772217, 0.5389697551727295, 0.4995102882385254, 0.5856977701187134, 0.7914391756057739, 0.5560712218284607, 0.5640805959701538, 0.8717373609542847, 0.5177679061889648, 0.5525131225585938, 0.8229019641876221, 0.5467631816864014, 0.6066721677780151, 0.5768312215805054, 0.5607265830039978, 0.5442559719085693, 0.8697291612625122, 0.5781691074371338, 0.5944067239761353, 0.5723001956939697, 0.5960375070571899, 0.8818040490150452, 0.5816911458969116, 0.887786865234375, 0.5217089653015137, 0.5480445623397827, 0.6054452657699585, 0.5587018132209778, 0.6080963611602783, 0.5770376324653625, 0.49713462591171265, 0.5839027762413025, 0.5580474734306335, 0.5523300170898438, 0.5549285411834717, 0.5844104290008545, 0.8264998197555542, 0.5992371439933777, 0.5434677600860596, 0.9230599999427795, 0.5547084212303162, 0.5659793615341187, 0.5868529081344604, 0.5860458612442017, 0.5521586537361145, 0.5596357583999634, 0.555173397064209, 0.542159914970398, 0.8337936401367188, 0.5790094137191772, 0.5478408932685852]",0,set(),"[0.0, 0.0, 1.0, 1.0, 0.0, 1.0, 0.0, 1.0, 1.0, 1.0, 1.0, 1.0, 1.0, 0.9166666865348816, 0.0, 1.0, 0.0833333358168602, 0.0833333358168602, 1.0, 0.9166666865348816, 1.0, 1.0, 0.9166666865348816, 1.0, 0.9166666865348816, 0.0, 0.0, 1.0, 0.0, 1.0, 1.0, 0.9166666865348816, 0.0, 1.0, 1.0, 0.0, 1.0, 1.0, 1.0, 1.0, 0.0, 0.0, 1.0, 0.0, 0.0, 0.0, 1.0, 1.0, 0.9166666865348816, 1.0, 1.0, 1.0, 1.0, 0.0, 0.9166666865348816, 1.0, 0.0, 1.0, 1.0, 0.0, 1.0, 1.0, 1.0, 1.0, 1.0, 0.0, 1.0, 0.9166666865348816, 1.0, 1.0, 0.0, 1.0, 0.0833333358168602, 1.0, 1.0, 1.0, 1.0, 1.0, 1.0, 1.0, 0.9166666865348816, 1.0, 1.0, 1.0, 1.0, 0.0, 1.0, 1.0, 0.0, 1.0, 1.0, 0.9166666865348816, 1.0, 1.0, 1.0, 1.0, 1.0, 0.0, 1.0, 1.0]","[0.9947990775108337, 0.9929078221321106, 0.9947990775108337, 0.9952718615531921, 0.9929078221321106, 0.9947990775108337, 0.9943262338638306, 0.9952718615531921, 0.9943262338638306, 0.9929078221321106, 0.9952718615531921, 0.9938534498214722, 0.9943262338638306, 0.9952718615531921, 0.9952718615531921, 0.9929078221321106, 0.9914893507957458, 0.9900709390640259, 0.9938534498214722, 0.9938534498214722, 0.9952718615531921, 0.9947990775108337, 0.9952718615531921, 0.9952718615531921, 0.9938534498214722, 0.9938534498214722, 0.9929078221321106, 0.9952718615531921, 0.9924349784851074, 0.9924349784851074, 0.9938534498214722, 0.9929078221321106, 0.991962194442749, 0.9938534498214722, 0.9938534498214722, 0.9952718615531921, 0.9924349784851074, 0.9943262338638306, 0.9947990775108337, 0.9947990775108337, 0.9914893507957458, 0.993380606174469, 0.9924349784851074, 0.993380606174469, 0.9943262338638306, 0.991962194442749, 0.9929078221321106, 0.9943262338638306, 0.9952718615531921, 0.9914893507957458, 0.993380606174469, 0.991962194442749, 0.9952718615531921, 0.9905437231063843, 0.9938534498214722, 0.9952718615531921, 0.9952718615531921, 0.9924349784851074, 0.9924349784851074, 0.9929078221321106, 0.9938534498214722, 0.9952718615531921, 0.9952718615531921, 0.9952718615531921, 0.9938534498214722, 0.9952718615531921, 0.9943262338638306, 0.9938534498214722, 0.9952718615531921, 0.9952718615531921, 0.9952718615531921, 0.9952718615531921, 0.993380606174469, 0.9905437231063843, 0.9929078221321106, 0.9952718615531921, 0.993380606174469, 0.9952718615531921, 0.9952718615531921, 0.9929078221321106, 0.9952718615531921, 0.9947990775108337, 0.993380606174469, 0.9952718615531921, 0.9952718615531921, 0.9924349784851074, 0.9952718615531921, 0.993380606174469, 0.9947990775108337, 0.993380606174469, 0.9952718615531921, 0.9952718615531921, 0.9952718615531921, 0.9929078221321106, 0.9929078221321106, 0.991962194442749, 0.9938534498214722, 0.993380606174469, 0.9947990775108337, 0.9924349784851074]",0.7341666221618652,0.9939054250717163,0.9887388348579407,0.9887388348579407,0.009615384973585606,0.9933078289031982,0.9938534278959811,0.11326813697814941
91,100,100,0,25,75,"[0.0, 0.0, 0.0, 0.0, 0.0, 0.0, 0.0, 0.0, 0.0, 0.0, 0.0, 0.0, 0.0, 0.0, 0.0, 0.0, 0.0, 0.0, 0.0, 0.0, 0.0, 0.0, 0.0, 0.0, 0.0, 0.0, 0.0, 0.0, 0.0, 0.0, 0.0, 0.0, 0.0, 0.0, 0.0, 0.0, 0.0, 0.0, 0.0, 0.0, 0.0, 0.0, 0.0, 0.0, 0.0, 0.0, 0.0, 0.0, 0.0, 0.0, 0.0, 0.0, 0.0, 0.0, 0.0, 0.0, 0.0, 0.0, 0.0, 0.0, 0.0, 0.0, 0.0, 0.0, 0.0, 0.0, 0.0, 0.0, 0.0, 0.0, 0.0, 0.0, 0.0, 0.0, 0.0, 0.0, 0.0, 0.0, 0.0, 0.0, 0.0, 0.0, 0.0, 0.0, 0.0, 0.0, 0.0, 0.0, 0.0, 0.0, 0.0, 0.0, 0.0, 0.0, 0.0, 0.0, 0.0, 0.0, 0.0, 0.0]","[0.8723928928375244, 0.5667147636413574, 0.8815714120864868, 0.6034814715385437, 0.8991813659667969, 0.5466605424880981, 0.5866043567657471, 0.5788351893424988, 0.5473105907440186, 0.5628842711448669, 0.5837478637695312, 0.862697958946228, 0.538955569267273, 0.5457713007926941, 0.565111517906189, 0.8515214920043945, 0.514099657535553, 0.5950747728347778, 0.5804580450057983, 0.5584003925323486, 0.5428140759468079, 0.5390211343765259, 0.5119620561599731, 0.5663391947746277, 0.5884235501289368, 0.8500416278839111, 0.847307562828064, 0.5704997777938843, 0.531727135181427, 0.5954309701919556, 0.5826157331466675, 0.5367657542228699, 0.5419867038726807, 0.5613095760345459, 0.8601148724555969, 0.8564906120300293, 0.5482778549194336, 0.5493001937866211, 0.5310193300247192, 0.9249093532562256, 0.8682985305786133, 0.5545916557312012, 0.5619016289710999, 0.5300769805908203, 0.5421766638755798, 0.5329110622406006, 0.5274312496185303, 0.8651703596115112, 0.5266686081886292, 0.5309185981750488, 0.9143884181976318, 0.8252652883529663, 0.5679994821548462, 0.8459724187850952, 0.8276165723800659, 0.5450945496559143, 0.544777512550354, 0.5673185586929321, 0.5177783966064453, 0.5876375436782837, 0.9006103873252869, 0.5625884532928467, 0.5211765766143799, 0.802724301815033, 0.8937171697616577, 0.8399341106414795, 0.5784461498260498, 0.5658793449401855, 0.5203216075897217, 0.5380939245223999, 0.5727006196975708, 0.544797956943512, 0.8552349805831909, 0.5728057622909546, 0.5278606414794922, 0.594237208366394, 0.60091233253479, 0.5162962675094604, 0.5613867044448853, 0.5380802154541016, 0.5264158248901367, 0.5817950963973999, 0.5333057641983032, 0.584399938583374, 0.5683619976043701, 0.8838237524032593, 0.5579885840415955, 0.5823681354522705, 0.5752440094947815, 0.5396660566329956, 0.5368002653121948, 0.5341315269470215, 0.8653671741485596, 0.5094709992408752, 0.8455504179000854, 0.5376752614974976, 0.8928735256195068, 0.5463167428970337, 0.5512211322784424, 0.5796717405319214]",0,set(),"[0.0, 1.0, 0.0, 1.0, 0.0, 1.0, 1.0, 1.0, 1.0, 0.9166666865348816, 1.0, 0.0833333358168602, 1.0, 1.0, 1.0, 0.0833333358168602, 1.0, 1.0, 1.0, 0.9166666865348816, 1.0, 1.0, 1.0, 1.0, 1.0, 0.0, 0.0, 1.0, 1.0, 1.0, 1.0, 1.0, 1.0, 1.0, 0.0, 0.0, 1.0, 0.9166666865348816, 1.0, 0.0, 0.0, 1.0, 1.0, 1.0, 1.0, 1.0, 1.0, 0.0, 1.0, 1.0, 0.0, 0.0, 1.0, 0.0, 0.0, 1.0, 1.0, 1.0, 1.0, 0.9166666865348816, 0.0, 1.0, 1.0, 0.0, 0.0, 0.0833333358168602, 1.0, 1.0, 1.0, 1.0, 1.0, 1.0, 0.0, 1.0, 1.0, 0.9166666865348816, 1.0, 1.0, 1.0, 1.0, 1.0, 0.9166666865348816, 1.0, 0.9166666865348816, 1.0, 0.0, 1.0, 1.0, 1.0, 1.0, 1.0, 1.0, 0.0, 1.0, 0.0833333358168602, 1.0, 0.0, 1.0, 1.0, 1.0]","[0.9947990775108337, 0.9943262338638306, 0.9938534498214722, 0.9952718615531921, 0.993380606174469, 0.991962194442749, 0.9952718615531921, 0.9952718615531921, 0.993380606174469, 0.9943262338638306, 0.9947990775108337, 0.9929078221321106, 0.9914893507957458, 0.9938534498214722, 0.9924349784851074, 0.9943262338638306, 0.993380606174469, 0.9952718615531921, 0.9952718615531921, 0.9952718615531921, 0.9938534498214722, 0.9952718615531921, 0.9929078221321106, 0.9947990775108337, 0.9952718615531921, 0.9938534498214722, 0.9947990775108337, 0.993380606174469, 0.993380606174469, 0.9952718615531921, 0.9952718615531921, 0.9929078221321106, 0.9929078221321106, 0.9952718615531921, 0.9947990775108337, 0.993380606174469, 0.9947990775108337, 0.9952718615531921, 0.9929078221321106, 0.9952718615531921, 0.9943262338638306, 0.9938534498214722, 0.9929078221321106, 0.9943262338638306, 0.9947990775108337, 0.9938534498214722, 0.9938534498214722, 0.9943262338638306, 0.9929078221321106, 0.9938534498214722, 0.9947990775108337, 0.9943262338638306, 0.9943262338638306, 0.9929078221321106, 0.993380606174469, 0.991962194442749, 0.9952718615531921, 0.9947990775108337, 0.9924349784851074, 0.9952718615531921, 0.9952718615531921, 0.9952718615531921, 0.9924349784851074, 0.991962194442749, 0.9947990775108337, 0.9929078221321106, 0.9952718615531921, 0.9943262338638306, 0.991962194442749, 0.9947990775108337, 0.9943262338638306, 0.9938534498214722, 0.9938534498214722, 0.9938534498214722, 0.9924349784851074, 0.9952718615531921, 0.9952718615531921, 0.9947990775108337, 0.993380606174469, 0.9952718615531921, 0.9938534498214722, 0.9943262338638306, 0.9947990775108337, 0.9952718615531921, 0.9943262338638306, 0.9943262338638306, 0.9943262338638306, 0.9952718615531921, 0.9943262338638306, 0.9938534498214722, 0.9938534498214722, 0.9938534498214722, 0.9943262338638306, 0.9938534498214722, 0.9947990775108337, 0.993380606174469, 0.9952718615531921, 0.9952718615531921, 0.9929078221321106, 0.9952718615531921]",0.7475000619888306,0.9941371083259583,0.9922221899032593,0.9922221899032593,0.013333333656191826,0.9941182136535645,0.9943262411347518,0.2126920223236084
92,100,100,0,29,71,"[0.0, 0.0, 0.0, 0.0, 0.0, 0.0, 0.0, 0.0, 0.0, 0.0, 0.0, 0.0, 0.0, 0.0, 0.0, 0.0, 0.0, 0.0, 0.0, 0.0, 0.0, 0.0, 0.0, 0.0, 0.0, 0.0, 0.0, 0.0, 0.0, 0.0, 0.0, 0.0, 0.0, 0.0, 0.0, 0.0, 0.0, 0.0, 0.0, 0.0, 0.0, 0.0, 0.0, 0.0, 0.0, 0.0, 0.0, 0.0, 0.0, 0.0, 0.0, 0.0, 0.0, 0.0, 0.0, 0.0, 0.0, 0.0, 0.0, 0.0, 0.0, 0.0, 0.0, 0.0, 0.0, 0.0, 0.0, 0.0, 0.0, 0.0, 0.0, 0.0, 0.0, 0.0, 0.0, 0.0, 0.0, 0.0, 0.0, 0.0, 0.0, 0.0, 0.0, 0.0, 0.0, 0.0, 0.0, 0.0, 0.0, 0.0, 0.0, 0.0, 0.0, 0.0, 0.0, 0.0, 0.0, 0.0, 0.0, 0.0]","[0.8325526714324951, 0.5652376413345337, 0.5560054779052734, 0.5563408136367798, 0.5234515070915222, 0.5432633757591248, 0.57427978515625, 0.845390796661377, 0.5413954257965088, 0.5233572721481323, 0.5408982038497925, 0.578319787979126, 0.5748258829116821, 0.5396462082862854, 0.5931094884872437, 0.5264668464660645, 0.9611904621124268, 0.8582610487937927, 0.5709193348884583, 0.8069417476654053, 0.8240385055541992, 0.5344934463500977, 0.5866369009017944, 0.5343960523605347, 0.5175926089286804, 0.5272939205169678, 0.9034206867218018, 0.8790692090988159, 0.5534026622772217, 0.8174997568130493, 0.5431365966796875, 0.5357295274734497, 0.542629599571228, 0.57662034034729, 0.5597892999649048, 0.5908197164535522, 0.5133363604545593, 0.8596246242523193, 0.9031565189361572, 0.5128746032714844, 0.4942592978477478, 0.8666752576828003, 0.5802333354949951, 0.5750619173049927, 0.868913471698761, 0.850459635257721, 0.5505716800689697, 0.5321934223175049, 0.5556007623672485, 0.5700970888137817, 0.9397512674331665, 0.5303152203559875, 0.5440534353256226, 0.5689166784286499, 0.5321767330169678, 0.5808530449867249, 0.8491885662078857, 0.8243845701217651, 0.9109388589859009, 0.5089892148971558, 0.859103798866272, 0.5578583478927612, 0.5249231457710266, 0.5551259517669678, 0.5885260701179504, 0.5480954051017761, 0.5376721024513245, 0.5307861566543579, 0.5527797937393188, 0.5015305876731873, 0.5620213150978088, 0.8674595355987549, 0.5149928331375122, 0.5426870584487915, 0.5640456676483154, 0.8061524629592896, 0.5932953357696533, 0.5719039440155029, 0.8635916113853455, 0.5356147289276123, 0.5447759628295898, 0.5398666858673096, 0.5533933639526367, 0.5939840078353882, 0.8701869249343872, 0.5276689529418945, 0.5593922734260559, 0.5520837903022766, 0.5626580715179443, 0.5463637709617615, 0.5823680758476257, 0.8604736924171448, 0.5880881547927856, 0.5748903751373291, 0.8742367029190063, 0.5730738639831543, 0.8642605543136597, 0.9406130313873291, 0.8620326519012451, 0.8845650553703308]",0,set(),"[0.0, 1.0, 1.0, 1.0, 1.0, 1.0, 1.0, 0.0, 1.0, 1.0, 1.0, 1.0, 1.0, 1.0, 1.0, 1.0, 0.0, 0.0, 1.0, 0.0833333358168602, 0.1666666716337204, 1.0, 1.0, 1.0, 1.0, 1.0, 0.0, 0.0, 1.0, 0.0, 1.0, 1.0, 1.0, 1.0, 1.0, 1.0, 0.9166666865348816, 0.0, 0.0, 1.0, 1.0, 0.0833333358168602, 1.0, 1.0, 0.0, 0.0, 1.0, 0.9166666865348816, 1.0, 0.9166666865348816, 0.0, 1.0, 1.0, 1.0, 1.0, 1.0, 0.0, 0.0, 0.0, 1.0, 0.0, 1.0, 1.0, 1.0, 1.0, 1.0, 1.0, 1.0, 1.0, 1.0, 1.0, 0.0, 1.0, 1.0, 0.9166666865348816, 0.0833333358168602, 1.0, 1.0, 0.0, 1.0, 0.9166666865348816, 1.0, 1.0, 1.0, 0.0, 1.0, 1.0, 1.0, 1.0, 1.0, 1.0, 0.0, 1.0, 1.0, 0.0, 1.0, 0.0, 0.0, 0.0, 0.0]","[0.9938534498214722, 0.9943262338638306, 0.9952718615531921, 0.9947990775108337, 0.9924349784851074, 0.993380606174469, 0.9947990775108337, 0.9943262338638306, 0.991962194442749, 0.9924349784851074, 0.9929078221321106, 0.9947990775108337, 0.9952718615531921, 0.9938534498214722, 0.9952718615531921, 0.993380606174469, 0.9962174892425537, 0.9943262338638306, 0.993380606174469, 0.9914893507957458, 0.9938534498214722, 0.9947990775108337, 0.9952718615531921, 0.9943262338638306, 0.991962194442749, 0.9929078221321106, 0.9947990775108337, 0.9952718615531921, 0.9947990775108337, 0.9924349784851074, 0.9938534498214722, 0.993380606174469, 0.9924349784851074, 0.9952718615531921, 0.9952718615531921, 0.9952718615531921, 0.9929078221321106, 0.993380606174469, 0.9952718615531921, 0.9938534498214722, 0.9924349784851074, 0.9947990775108337, 0.9952718615531921, 0.993380606174469, 0.9943262338638306, 0.9952718615531921, 0.9952718615531921, 0.9952718615531921, 0.9947990775108337, 0.9952718615531921, 0.9952718615531921, 0.9938534498214722, 0.9947990775108337, 0.9952718615531921, 0.9924349784851074, 0.9952718615531921, 0.9938534498214722, 0.9924349784851074, 0.9952718615531921, 0.9938534498214722, 0.9938534498214722, 0.9952718615531921, 0.9938534498214722, 0.9938534498214722, 0.9952718615531921, 0.993380606174469, 0.9938534498214722, 0.9952718615531921, 0.9938534498214722, 0.993380606174469, 0.9947990775108337, 0.993380606174469, 0.991962194442749, 0.9938534498214722, 0.9952718615531921, 0.9914893507957458, 0.9957447052001953, 0.9947990775108337, 0.9952718615531921, 0.9947990775108337, 0.9938534498214722, 0.9947990775108337, 0.9947990775108337, 0.9952718615531921, 0.9938534498214722, 0.9943262338638306, 0.9952718615531921, 0.9947990775108337, 0.9947990775108337, 0.9952718615531921, 0.9952718615531921, 0.9952718615531921, 0.9952718615531921, 0.9952718615531921, 0.9943262338638306, 0.9943262338638306, 0.9952718615531921, 0.9952718615531921, 0.9947990775108337, 0.9952718615531921]",0.7099999785423279,0.9942883849143982,0.9941316246986389,0.9941316246986389,0.014367816969752312,0.9942936897277832,0.9947990543735225,0.21412110328674316
93,100,100,0,26,74,"[0.0, 0.0, 0.0, 0.0, 0.0, 0.0, 0.0, 0.0, 0.0, 0.0, 0.0, 0.0, 0.0, 0.0, 0.0, 0.0, 0.0, 0.0, 0.0, 0.0, 0.0, 0.0, 0.0, 0.0, 0.0, 0.0, 0.0, 0.0, 0.0, 0.0, 0.0, 0.0, 0.0, 0.0, 0.0, 0.0, 0.0, 0.0, 0.0, 0.0, 0.0, 0.0, 0.0, 0.0, 0.0, 0.0, 0.0, 0.0, 0.0, 0.0, 0.0, 0.0, 0.0, 0.0, 0.0, 0.0, 0.0, 0.0, 0.0, 0.0, 0.0, 0.0, 0.0, 0.0, 0.0, 0.0, 0.0, 0.0, 0.0, 0.0, 0.0, 0.0, 0.0, 0.0, 0.0, 0.0, 0.0, 0.0, 0.0, 0.0, 0.0, 0.0, 0.0, 0.0, 0.0, 0.0, 0.0, 0.0, 0.0, 0.0, 0.0, 0.0, 0.0, 0.0, 0.0, 0.0, 0.0, 0.0, 0.0, 0.0]","[0.8449828624725342, 0.8293775916099548, 0.9331506490707397, 0.5781559348106384, 0.830565333366394, 0.8539283275604248, 0.57321697473526, 0.5728832483291626, 0.906554639339447, 0.5270999670028687, 0.4955063462257385, 0.5411944389343262, 0.5642054080963135, 0.8543111085891724, 0.5550127029418945, 0.575758695602417, 0.5973107814788818, 0.5441151857376099, 0.8522680997848511, 0.5227381587028503, 0.5537512898445129, 0.5661981701850891, 0.5373770594596863, 0.5848034620285034, 0.5208075046539307, 0.5761524438858032, 0.596590518951416, 0.5507954359054565, 0.5600194931030273, 0.5843235850334167, 0.5785091519355774, 0.574104905128479, 0.5256770253181458, 0.8382387161254883, 0.5305898189544678, 0.5731220245361328, 0.8621811866760254, 0.8365583419799805, 0.5503356456756592, 0.529615044593811, 0.5354247689247131, 0.5785947442054749, 0.8703683614730835, 0.5201398134231567, 0.5765650868415833, 0.5751147270202637, 0.5850114226341248, 0.8628416061401367, 0.5268105864524841, 0.5514283180236816, 0.9002156257629395, 0.5918633937835693, 0.5516029596328735, 0.8635048866271973, 0.5349926948547363, 0.509732723236084, 0.8285086154937744, 0.5813381671905518, 0.5519520044326782, 0.5849320292472839, 0.5724848508834839, 0.864002525806427, 0.5262906551361084, 0.5536201000213623, 0.5597010850906372, 0.5508814454078674, 0.8202953934669495, 0.5806511044502258, 0.5342944860458374, 0.5790765285491943, 0.47736626863479614, 0.568554162979126, 0.5296446084976196, 0.5734570026397705, 0.5620816946029663, 0.818936288356781, 0.5455318093299866, 0.84064781665802, 0.5226887464523315, 0.5790657997131348, 0.5281471014022827, 0.8837797045707703, 0.5370807647705078, 0.5452538728713989, 0.5351481437683105, 0.8863105773925781, 0.5375109910964966, 0.5199010968208313, 0.5358717441558838, 0.9080658555030823, 0.576776385307312, 0.5517501831054688, 0.5084002017974854, 0.830733060836792, 0.862671971321106, 0.5580007433891296, 0.5503703355789185, 0.5797919034957886, 0.8907016515731812, 0.5554893612861633]",0,set(),"[0.0, 0.0833333358168602, 0.0, 1.0, 0.0, 0.0, 1.0, 1.0, 0.0, 1.0, 1.0, 1.0, 1.0, 0.0, 1.0, 1.0, 1.0, 1.0, 0.0833333358168602, 1.0, 1.0, 1.0, 1.0, 0.9166666865348816, 0.9166666865348816, 1.0, 1.0, 1.0, 1.0, 1.0, 1.0, 1.0, 1.0, 0.0, 1.0, 1.0, 0.0, 0.0, 1.0, 1.0, 1.0, 1.0, 0.0, 1.0, 0.9166666865348816, 1.0, 1.0, 0.0, 1.0, 1.0, 0.0, 1.0, 1.0, 0.0, 1.0, 1.0, 0.0833333358168602, 1.0, 1.0, 1.0, 1.0, 0.0, 1.0, 1.0, 1.0, 1.0, 0.0833333358168602, 0.9166666865348816, 1.0, 1.0, 1.0, 1.0, 1.0, 1.0, 1.0, 0.0, 1.0, 0.0833333358168602, 1.0, 1.0, 1.0, 0.0, 1.0, 1.0, 1.0, 0.0, 1.0, 1.0, 1.0, 0.0, 1.0, 1.0, 1.0, 0.0833333358168602, 0.0, 1.0, 1.0, 0.9166666865348816, 0.0, 1.0]","[0.9924349784851074, 0.9938534498214722, 0.9952718615531921, 0.9952718615531921, 0.9947990775108337, 0.9938534498214722, 0.993380606174469, 0.9952718615531921, 0.9952718615531921, 0.9943262338638306, 0.9914893507957458, 0.9938534498214722, 0.9952718615531921, 0.993380606174469, 0.9952718615531921, 0.9952718615531921, 0.9952718615531921, 0.9952718615531921, 0.9952718615531921, 0.9943262338638306, 0.9952718615531921, 0.9952718615531921, 0.9943262338638306, 0.9952718615531921, 0.9947990775108337, 0.9952718615531921, 0.9952718615531921, 0.9952718615531921, 0.9952718615531921, 0.9957447052001953, 0.9947990775108337, 0.9952718615531921, 0.9924349784851074, 0.9938534498214722, 0.9943262338638306, 0.9952718615531921, 0.993380606174469, 0.993380606174469, 0.9938534498214722, 0.9938534498214722, 0.9943262338638306, 0.9952718615531921, 0.9938534498214722, 0.9943262338638306, 0.9952718615531921, 0.9943262338638306, 0.9952718615531921, 0.9952718615531921, 0.991962194442749, 0.9952718615531921, 0.9952718615531921, 0.9952718615531921, 0.9952718615531921, 0.9952718615531921, 0.9938534498214722, 0.9938534498214722, 0.9947990775108337, 0.9952718615531921, 0.9952718615531921, 0.9952718615531921, 0.9947990775108337, 0.9952718615531921, 0.9943262338638306, 0.9947990775108337, 0.9952718615531921, 0.9952718615531921, 0.9943262338638306, 0.9952718615531921, 0.9952718615531921, 0.9952718615531921, 0.991962194442749, 0.9943262338638306, 0.9938534498214722, 0.9952718615531921, 0.9952718615531921, 0.9943262338638306, 0.9943262338638306, 0.9929078221321106, 0.9929078221321106, 0.9952718615531921, 0.993380606174469, 0.9952718615531921, 0.993380606174469, 0.9952718615531921, 0.9943262338638306, 0.9952718615531921, 0.993380606174469, 0.991962194442749, 0.993380606174469, 0.9952718615531921, 0.9952718615531921, 0.9943262338638306, 0.9938534498214722, 0.9929078221321106, 0.9938534498214722, 0.9943262338638306, 0.9952718615531921, 0.9957447052001953, 0.9947990775108337, 0.9952718615531921]",0.7408333420753479,0.9945201277732849,0.994369387626648,0.994369387626648,0.01923076994717121,0.9943625926971436,0.9952718676122931,0.11244821548461914
94,100,100,0,31,69,"[0.0, 0.0, 0.0, 0.0, 0.0, 0.0, 0.0, 0.0, 0.0, 0.0, 0.0, 0.0, 0.0, 0.0, 0.0, 0.0, 0.0, 0.0, 0.0, 0.0, 0.0, 0.0, 0.0, 0.0, 0.0, 0.0, 0.0, 0.0, 0.0, 0.0, 0.0, 0.0, 0.0, 0.0, 0.0, 0.0, 0.0, 0.0, 0.0, 0.0, 0.0, 0.0, 0.0, 0.0, 0.0, 0.0, 0.0, 0.0, 0.0, 0.0, 0.0, 0.0, 0.0, 0.0, 0.0, 0.0, 0.0, 0.0, 0.0, 0.0, 0.0, 0.0, 0.0, 0.0, 0.0, 0.0, 0.0, 0.0, 0.0, 0.0, 0.0, 0.0, 0.0, 0.0, 0.0, 0.0, 0.0, 0.0, 0.0, 0.0, 0.0, 0.0, 0.0, 0.0, 0.0, 0.0, 0.0, 0.0, 0.0, 0.0, 0.0, 0.0, 0.0, 0.0, 0.0, 0.0, 0.0, 0.0, 0.0, 0.0]","[0.8665021061897278, 0.5688633918762207, 0.54156893491745, 0.5946103930473328, 0.8630898594856262, 0.5615589618682861, 0.5743123292922974, 0.5462505221366882, 0.5506384372711182, 0.521152913570404, 0.5481562614440918, 0.5661492347717285, 0.5409458875656128, 0.8916146755218506, 0.5463645458221436, 0.5493992567062378, 0.9305893778800964, 0.5485656261444092, 0.8574042320251465, 0.5673983097076416, 0.9006485342979431, 0.537312388420105, 0.562524139881134, 0.508426308631897, 0.5522417426109314, 0.5784155130386353, 0.5614445209503174, 0.5646487474441528, 0.5595415234565735, 0.49469518661499023, 0.5983301997184753, 0.8838195204734802, 0.5566990375518799, 0.5439745187759399, 0.5530260801315308, 0.9196839928627014, 0.5717716217041016, 0.8871469497680664, 0.5503213405609131, 0.8310610055923462, 0.8909615278244019, 0.5673094987869263, 0.8099007606506348, 0.5830099582672119, 0.5195978879928589, 0.5110411643981934, 0.5899888277053833, 0.5362752676010132, 0.567336916923523, 0.5498785972595215, 0.8378453254699707, 0.5694432854652405, 0.8334853053092957, 0.520260751247406, 0.8771830797195435, 0.8827069997787476, 0.5298827290534973, 0.5638620257377625, 0.8905143141746521, 0.5336309671401978, 0.547721803188324, 0.8665115833282471, 0.5367239713668823, 0.5482438206672668, 0.5768970847129822, 0.5214483737945557, 0.49629420042037964, 0.5281524658203125, 0.5558944940567017, 0.5740641951560974, 0.5315854549407959, 0.5646942853927612, 0.895793080329895, 0.8751847743988037, 0.5551509261131287, 0.5354113578796387, 0.8188709616661072, 0.5297468900680542, 0.5475239753723145, 0.835176944732666, 0.5679205656051636, 0.8098690509796143, 0.5439678430557251, 0.8434736728668213, 0.5120800733566284, 0.8512011766433716, 0.5686109662055969, 0.6087338328361511, 0.5899206399917603, 0.5492371320724487, 0.5792038440704346, 0.5978053212165833, 0.5766326189041138, 0.8245130777359009, 0.8214322328567505, 0.8356355428695679, 0.563176155090332, 0.8870077133178711, 0.9258322715759277, 0.8696699142456055]",0,set(),"[0.0, 1.0, 1.0, 1.0, 0.0, 1.0, 1.0, 1.0, 1.0, 1.0, 1.0, 0.9166666865348816, 1.0, 0.0, 1.0, 1.0, 0.0, 1.0, 0.0, 1.0, 0.0, 1.0, 1.0, 1.0, 1.0, 1.0, 1.0, 1.0, 1.0, 1.0, 1.0, 0.0, 0.9166666865348816, 1.0, 1.0, 0.0, 1.0, 0.0, 1.0, 0.0, 0.0, 1.0, 0.0, 1.0, 1.0, 1.0, 0.9166666865348816, 1.0, 1.0, 1.0, 0.0, 1.0, 0.0833333358168602, 1.0, 0.0, 0.0, 1.0, 1.0, 0.0, 1.0, 1.0, 0.0, 0.9166666865348816, 1.0, 1.0, 1.0, 1.0, 1.0, 1.0, 1.0, 1.0, 1.0, 0.0, 0.0, 1.0, 1.0, 0.0, 1.0, 1.0, 0.0, 1.0, 0.0833333358168602, 1.0, 0.0833333358168602, 1.0, 0.0, 1.0, 1.0, 1.0, 1.0, 1.0, 0.8333333134651184, 1.0, 0.0833333358168602, 0.0, 0.0, 1.0, 0.0, 0.0, 0.0]","[0.9952718615531921, 0.9952718615531921, 0.9952718615531921, 0.9952718615531921, 0.9938534498214722, 0.9947990775108337, 0.9952718615531921, 0.9952718615531921, 0.9952718615531921, 0.9929078221321106, 0.9943262338638306, 0.9957447052001953, 0.9952718615531921, 0.9952718615531921, 0.9943262338638306, 0.9952718615531921, 0.9952718615531921, 0.9943262338638306, 0.993380606174469, 0.9957447052001953, 0.9952718615531921, 0.9952718615531921, 0.9952718615531921, 0.9943262338638306, 0.9952718615531921, 0.9952718615531921, 0.9952718615531921, 0.9947990775108337, 0.9952718615531921, 0.9938534498214722, 0.9952718615531921, 0.9952718615531921, 0.9952718615531921, 0.9952718615531921, 0.9938534498214722, 0.9952718615531921, 0.9952718615531921, 0.9952718615531921, 0.9952718615531921, 0.9952718615531921, 0.9952718615531921, 0.9938534498214722, 0.991962194442749, 0.9952718615531921, 0.9938534498214722, 0.9943262338638306, 0.9957447052001953, 0.993380606174469, 0.9952718615531921, 0.9943262338638306, 0.9938534498214722, 0.9952718615531921, 0.993380606174469, 0.9947990775108337, 0.9952718615531921, 0.9952718615531921, 0.9943262338638306, 0.9952718615531921, 0.9952718615531921, 0.9938534498214722, 0.9952718615531921, 0.9947990775108337, 0.993380606174469, 0.9938534498214722, 0.9952718615531921, 0.9943262338638306, 0.9938534498214722, 0.9943262338638306, 0.9952718615531921, 0.9952718615531921, 0.9938534498214722, 0.9952718615531921, 0.9952718615531921, 0.9952718615531921, 0.9938534498214722, 0.9952718615531921, 0.9938534498214722, 0.9947990775108337, 0.9947990775108337, 0.9952718615531921, 0.9947990775108337, 0.9924349784851074, 0.9943262338638306, 0.9938534498214722, 0.9938534498214722, 0.9952718615531921, 0.9952718615531921, 0.9957447052001953, 0.9952718615531921, 0.9952718615531921, 0.9952718615531921, 0.9952718615531921, 0.9952718615531921, 0.991962194442749, 0.9943262338638306, 0.9943262338638306, 0.9952718615531921, 0.9952718615531921, 0.9952718615531921, 0.9952718615531921]",0.68833327293396,0.9947517514228821,0.9927536249160767,0.9927536249160767,0.01075268816202879,0.9945855736732483,0.9952718676122931,0.21838617324829102
95,100,100,0,35,65,"[0.0, 0.0, 0.0, 0.0, 0.0, 0.0, 0.0, 0.0, 0.0, 0.0, 0.0, 0.0, 0.0, 0.0, 0.0, 0.0, 0.0, 0.0, 0.0, 0.0, 0.0, 0.0, 0.0, 0.0, 0.0, 0.0, 0.0, 0.0, 0.0, 0.0, 0.0, 0.0, 0.0, 0.0, 0.0, 0.0, 0.0, 0.0, 0.0, 0.0, 0.0, 0.0, 0.0, 0.0, 0.0, 0.0, 0.0, 0.0, 0.0, 0.0, 0.0, 0.0, 0.0, 0.0, 0.0, 0.0, 0.0, 0.0, 0.0, 0.0, 0.0, 0.0, 0.0, 0.0, 0.0, 0.0, 0.0, 0.0, 0.0, 0.0, 0.0, 0.0, 0.0, 0.0, 0.0, 0.0, 0.0, 0.0, 0.0, 0.0, 0.0, 0.0, 0.0, 0.0, 0.0, 0.0, 0.0, 0.0, 0.0, 0.0, 0.0, 0.0, 0.0, 0.0, 0.0, 0.0, 0.0, 0.0, 0.0, 0.0]","[0.5342321991920471, 0.5656646490097046, 0.5207995176315308, 0.5748766660690308, 0.5499614477157593, 0.5264956951141357, 0.569493293762207, 0.5065895318984985, 0.8601462841033936, 0.5348135232925415, 0.866268515586853, 0.5471477508544922, 0.9463245868682861, 0.8684009313583374, 0.9034872651100159, 0.5389257073402405, 0.5583385825157166, 0.5630007982254028, 0.5372865200042725, 0.8865470886230469, 0.7975181341171265, 0.5595213174819946, 0.5658078193664551, 0.8117009997367859, 0.5674184560775757, 0.8403295278549194, 0.5626745223999023, 0.5403554439544678, 0.5496907830238342, 0.5506751537322998, 0.5005143284797668, 0.5186880826950073, 0.5221805572509766, 0.8682938814163208, 0.9049307107925415, 0.890259861946106, 0.859898030757904, 0.5827956795692444, 0.5235443115234375, 0.5353501439094543, 0.8238834142684937, 0.5549668669700623, 0.9054394960403442, 0.8516832590103149, 0.8715336322784424, 0.5626586675643921, 0.5586708784103394, 0.5883791446685791, 0.8906629085540771, 0.9008585214614868, 0.898531436920166, 0.5389285087585449, 0.5789915323257446, 0.5708505511283875, 0.530369222164154, 0.5525449514389038, 0.8878946304321289, 0.9132314920425415, 0.5406033992767334, 0.5929983258247375, 0.5642844438552856, 0.5211385488510132, 0.5652660131454468, 0.5784314870834351, 0.5777138471603394, 0.5237178802490234, 0.8658822774887085, 0.8548322916030884, 0.8656571507453918, 0.5025765299797058, 0.8570966720581055, 0.5272653698921204, 0.8925793170928955, 0.5401991605758667, 0.5649658441543579, 0.5651537775993347, 0.8119602203369141, 0.5192667245864868, 0.5296351313591003, 0.8971155881881714, 0.5420308113098145, 0.9208698272705078, 0.517727255821228, 0.5050032734870911, 0.5681112408638, 0.8830888271331787, 0.5309557914733887, 0.5219378471374512, 0.5394642353057861, 0.869086742401123, 0.5545474290847778, 0.5088956952095032, 0.8452466726303101, 0.5733621716499329, 0.8403972387313843, 0.8126726746559143, 0.5327896475791931, 0.5780830979347229, 0.5646209120750427, 0.54754638671875]",0,set(),"[1.0, 1.0, 1.0, 1.0, 1.0, 0.9166666865348816, 1.0, 1.0, 0.0, 1.0, 0.0, 1.0, 0.0, 0.0, 0.0, 1.0, 1.0, 1.0, 1.0, 0.0, 0.0, 1.0, 1.0, 0.0833333358168602, 1.0, 0.0, 1.0, 1.0, 1.0, 1.0, 1.0, 1.0, 0.9166666865348816, 0.0, 0.0833333358168602, 0.0, 0.0, 1.0, 1.0, 1.0, 0.0833333358168602, 0.9166666865348816, 0.0, 0.0, 0.0, 1.0, 1.0, 1.0, 0.0, 0.0, 0.0, 1.0, 1.0, 1.0, 1.0, 1.0, 0.0, 0.0, 1.0, 1.0, 1.0, 1.0, 1.0, 0.9166666865348816, 1.0, 1.0, 0.0, 0.0, 0.0833333358168602, 1.0, 0.0, 1.0, 0.0, 1.0, 1.0, 1.0, 0.0, 1.0, 1.0, 0.0, 1.0, 0.0, 1.0, 1.0, 1.0, 0.0, 1.0, 1.0, 1.0, 0.0, 1.0, 1.0, 0.0833333358168602, 1.0, 0.0, 0.0, 1.0, 0.9166666865348816, 0.9166666865348816, 1.0]","[0.9947990775108337, 0.9957447052001953, 0.9947990775108337, 0.9952718615531921, 0.9947990775108337, 0.9952718615531921, 0.9952718615531921, 0.9943262338638306, 0.9943262338638306, 0.9952718615531921, 0.9952718615531921, 0.9947990775108337, 0.9952718615531921, 0.9952718615531921, 0.9952718615531921, 0.9952718615531921, 0.9952718615531921, 0.9952718615531921, 0.9943262338638306, 0.9952718615531921, 0.9938534498214722, 0.9952718615531921, 0.9943262338638306, 0.9929078221321106, 0.9952718615531921, 0.9947990775108337, 0.9952718615531921, 0.9952718615531921, 0.9952718615531921, 0.9952718615531921, 0.9943262338638306, 0.9938534498214722, 0.9952718615531921, 0.9952718615531921, 0.9952718615531921, 0.9952718615531921, 0.9938534498214722, 0.9957447052001953, 0.9943262338638306, 0.9938534498214722, 0.9929078221321106, 0.9957447052001953, 0.9952718615531921, 0.9952718615531921, 0.9952718615531921, 0.9952718615531921, 0.9952718615531921, 0.9952718615531921, 0.9952718615531921, 0.9952718615531921, 0.9952718615531921, 0.9947990775108337, 0.9957447052001953, 0.9957447052001953, 0.9929078221321106, 0.9952718615531921, 0.9952718615531921, 0.9952718615531921, 0.9943262338638306, 0.9957447052001953, 0.9952718615531921, 0.9952718615531921, 0.9952718615531921, 0.9952718615531921, 0.9947990775108337, 0.9943262338638306, 0.9943262338638306, 0.9952718615531921, 0.9947990775108337, 0.9952718615531921, 0.9947990775108337, 0.9947990775108337, 0.9952718615531921, 0.9952718615531921, 0.9952718615531921, 0.9952718615531921, 0.9924349784851074, 0.993380606174469, 0.9943262338638306, 0.9952718615531921, 0.9924349784851074, 0.9952718615531921, 0.9943262338638306, 0.9943262338638306, 0.9952718615531921, 0.9952718615531921, 0.9952718615531921, 0.9952718615531921, 0.9943262338638306, 0.9952718615531921, 0.9952718615531921, 0.9938534498214722, 0.9952718615531921, 0.9957447052001953, 0.9938534498214722, 0.991962194442749, 0.9957447052001953, 0.9952718615531921, 0.9952718615531921, 0.9938534498214722]",0.6491667032241821,0.9948605298995972,0.9923077821731567,0.9923077821731567,0.011904762126505375,0.9947450757026672,0.9952718676122931,0.21210336685180664
96,100,100,0,23,77,"[0.0, 0.0, 0.0, 0.0, 0.0, 0.0, 0.0, 0.0, 0.0, 0.0, 0.0, 0.0, 0.0, 0.0, 0.0, 0.0, 0.0, 0.0, 0.0, 0.0, 0.0, 0.0, 0.0, 0.0, 0.0, 0.0, 0.0, 0.0, 0.0, 0.0, 0.0, 0.0, 0.0, 0.0, 0.0, 0.0, 0.0, 0.0, 0.0, 0.0, 0.0, 0.0, 0.0, 0.0, 0.0, 0.0, 0.0, 0.0, 0.0, 0.0, 0.0, 0.0, 0.0, 0.0, 0.0, 0.0, 0.0, 0.0, 0.0, 0.0, 0.0, 0.0, 0.0, 0.0, 0.0, 0.0, 0.0, 0.0, 0.0, 0.0, 0.0, 0.0, 0.0, 0.0, 0.0, 0.0, 0.0, 0.0, 0.0, 0.0, 0.0, 0.0, 0.0, 0.0, 0.0, 0.0, 0.0, 0.0, 0.0, 0.0, 0.0, 0.0, 0.0, 0.0, 0.0, 0.0, 0.0, 0.0, 0.0, 0.0]","[0.5597690343856812, 0.544114351272583, 0.5261861681938171, 0.5322094559669495, 0.9154137969017029, 0.5611894726753235, 0.6062015891075134, 0.5584516525268555, 0.5544161796569824, 0.9687303900718689, 0.8588455319404602, 0.9008125066757202, 0.5639432072639465, 0.5711706876754761, 0.5388638973236084, 0.8283531665802002, 0.5246482491493225, 0.5190857648849487, 0.4894930124282837, 0.8648125529289246, 0.5742828845977783, 0.8324421644210815, 0.5436677932739258, 0.5328549742698669, 0.5556108355522156, 0.5516898036003113, 0.5779542922973633, 0.5696796178817749, 0.4912278652191162, 0.8491573333740234, 0.8961873054504395, 0.5536642670631409, 0.5601756572723389, 0.5256524682044983, 0.5521110892295837, 0.5347205996513367, 0.5454011559486389, 0.9440441727638245, 0.5679512023925781, 0.540732741355896, 0.5580543279647827, 0.5333257913589478, 0.5632193088531494, 0.5348323583602905, 0.5956227779388428, 0.538727879524231, 0.5372530817985535, 0.5461677312850952, 0.8716243505477905, 0.5207290053367615, 0.55777907371521, 0.8418465852737427, 0.5388340353965759, 0.526950478553772, 0.888533353805542, 0.5573573112487793, 0.5745940208435059, 0.5501807928085327, 0.9167444109916687, 0.8711155652999878, 0.5703719854354858, 0.8630198240280151, 0.5645335912704468, 0.5460838079452515, 0.5010784864425659, 0.5192516446113586, 0.5650947690010071, 0.5528621673583984, 0.5520199537277222, 0.5613595247268677, 0.9495136737823486, 0.5414180755615234, 0.9113004207611084, 0.8105664849281311, 0.5121262669563293, 0.5795925855636597, 0.540595293045044, 0.8603454828262329, 0.5094799995422363, 0.5928161144256592, 0.5096077919006348, 0.5353121161460876, 0.5519396066665649, 0.5749680995941162, 0.5584535598754883, 0.8226984739303589, 0.5667928457260132, 0.5542329549789429, 0.8373426198959351, 0.5231620073318481, 0.5344982147216797, 0.5353086590766907, 0.901686429977417, 0.5051924586296082, 0.533821702003479, 0.5694354772567749, 0.554302990436554, 0.5783103704452515, 0.562096118927002, 0.560084342956543]",0,set(),"[1.0, 1.0, 1.0, 1.0, 0.0, 1.0, 1.0, 1.0, 0.9166666865348816, 0.0, 0.0, 0.0, 1.0, 1.0, 1.0, 0.0833333358168602, 1.0, 1.0, 1.0, 0.0833333358168602, 1.0, 0.0, 1.0, 1.0, 1.0, 1.0, 1.0, 1.0, 1.0, 0.0833333358168602, 0.0, 0.9166666865348816, 1.0, 1.0, 1.0, 1.0, 1.0, 0.0, 1.0, 1.0, 1.0, 1.0, 0.9166666865348816, 1.0, 1.0, 1.0, 1.0, 1.0, 0.0, 1.0, 1.0, 0.0, 1.0, 1.0, 0.0, 1.0, 1.0, 1.0, 0.0, 0.0, 1.0, 0.0, 1.0, 1.0, 1.0, 1.0, 1.0, 1.0, 1.0, 1.0, 0.0, 1.0, 0.0, 0.0, 1.0, 0.9166666865348816, 1.0, 0.0, 1.0, 1.0, 1.0, 1.0, 1.0, 0.9166666865348816, 1.0, 0.0, 1.0, 1.0, 0.0833333358168602, 1.0, 1.0, 1.0, 0.0, 1.0, 1.0, 1.0, 1.0, 1.0, 1.0, 1.0]","[0.9952718615531921, 0.9952718615531921, 0.9947990775108337, 0.9938534498214722, 0.9952718615531921, 0.9957447052001953, 0.9957447052001953, 0.9952718615531921, 0.9952718615531921, 0.9962174892425537, 0.9938534498214722, 0.9952718615531921, 0.9952718615531921, 0.9957447052001953, 0.9952718615531921, 0.9929078221321106, 0.9943262338638306, 0.9952718615531921, 0.9929078221321106, 0.9952718615531921, 0.9952718615531921, 0.9938534498214722, 0.9943262338638306, 0.9952718615531921, 0.9952718615531921, 0.9952718615531921, 0.9957447052001953, 0.9957447052001953, 0.9947990775108337, 0.9952718615531921, 0.9952718615531921, 0.9957447052001953, 0.9952718615531921, 0.9952718615531921, 0.9957447052001953, 0.9952718615531921, 0.9952718615531921, 0.9952718615531921, 0.9957447052001953, 0.9952718615531921, 0.9952718615531921, 0.9943262338638306, 0.9957447052001953, 0.9952718615531921, 0.9957447052001953, 0.9952718615531921, 0.9952718615531921, 0.9947990775108337, 0.9947990775108337, 0.9943262338638306, 0.9952718615531921, 0.9938534498214722, 0.9952718615531921, 0.9947990775108337, 0.9952718615531921, 0.9952718615531921, 0.9952718615531921, 0.9952718615531921, 0.9952718615531921, 0.9952718615531921, 0.9957447052001953, 0.9952718615531921, 0.9952718615531921, 0.9952718615531921, 0.9952718615531921, 0.9952718615531921, 0.9952718615531921, 0.9952718615531921, 0.9952718615531921, 0.9952718615531921, 0.9952718615531921, 0.9952718615531921, 0.9952718615531921, 0.991962194442749, 0.9938534498214722, 0.9952718615531921, 0.9957447052001953, 0.9943262338638306, 0.9952718615531921, 0.9952718615531921, 0.9943262338638306, 0.9943262338638306, 0.9947990775108337, 0.9952718615531921, 0.9952718615531921, 0.9947990775108337, 0.9952718615531921, 0.9952718615531921, 0.9943262338638306, 0.9947990775108337, 0.9943262338638306, 0.9952718615531921, 0.9947990775108337, 0.993380606174469, 0.9947990775108337, 0.9952718615531921, 0.9952718615531921, 0.9947990775108337, 0.9947990775108337, 0.9952718615531921]",0.7691667079925537,0.9950259327888489,0.9945887923240662,0.9945887923240662,0.014492753893136978,0.9947373867034912,0.9952718676122931,0.11168384552001953
97,100,100,0,32,68,"[0.0, 0.0, 0.0, 0.0, 0.0, 0.0, 0.0, 0.0, 0.0, 0.0, 0.0, 0.0, 0.0, 0.0, 0.0, 0.0, 0.0, 0.0, 0.0, 0.0, 0.0, 0.0, 0.0, 0.0, 0.0, 0.0, 0.0, 0.0, 0.0, 0.0, 0.0, 0.0, 0.0, 0.0, 0.0, 0.0, 0.0, 0.0, 0.0, 0.0, 0.0, 0.0, 0.0, 0.0, 0.0, 0.0, 0.0, 0.0, 0.0, 0.0, 0.0, 0.0, 0.0, 0.0, 0.0, 0.0, 0.0, 0.0, 0.0, 0.0, 0.0, 0.0, 0.0, 0.0, 0.0, 0.0, 0.0, 0.0, 0.0, 0.0, 0.0, 0.0, 0.0, 0.0, 0.0, 0.0, 0.0, 0.0, 0.0, 0.0, 0.0, 0.0, 0.0, 0.0, 0.0, 0.0, 0.0, 0.0, 0.0, 0.0, 0.0, 0.0, 0.0, 0.0, 0.0, 0.0, 0.0, 0.0, 0.0, 0.0]","[0.5355274677276611, 0.5301921963691711, 0.5306419134140015, 0.5256127119064331, 0.5236995816230774, 0.5449435114860535, 0.5612241625785828, 0.8716351985931396, 0.5406308174133301, 0.5335147380828857, 0.48005911707878113, 0.5374962091445923, 0.836098313331604, 0.5061804056167603, 0.5348420143127441, 0.5420666337013245, 0.5809323787689209, 0.5568148493766785, 0.5614253878593445, 0.846843957901001, 0.5308939218521118, 0.9148303866386414, 0.8091294765472412, 0.5503136515617371, 0.8942503929138184, 0.588294267654419, 0.5577850937843323, 0.9116503000259399, 0.5649837255477905, 0.8391350507736206, 0.5447064638137817, 0.5695732831954956, 0.5283570885658264, 0.5476367473602295, 0.49612826108932495, 0.5446075797080994, 0.8470900058746338, 0.5175750851631165, 0.5390276908874512, 0.5854446887969971, 0.8969604969024658, 0.5740394592285156, 0.7974600195884705, 0.5007660388946533, 0.5687816739082336, 0.5757132768630981, 0.5036520957946777, 0.9495301246643066, 0.8773071765899658, 0.8593508005142212, 0.6041074991226196, 0.5137988328933716, 0.5607914328575134, 0.8284868001937866, 0.5492580533027649, 0.5438183546066284, 0.5356021523475647, 0.8716180324554443, 0.5494064092636108, 0.9015438556671143, 0.5727595686912537, 0.5399888753890991, 0.836319088935852, 0.5323264598846436, 0.5901516079902649, 0.5601195096969604, 0.5425689220428467, 0.5632860660552979, 0.5411018133163452, 0.5225101709365845, 0.9070920944213867, 0.5294421315193176, 0.8379021883010864, 0.8589262962341309, 0.5659295916557312, 0.5589622259140015, 0.8749780058860779, 0.5698145627975464, 0.856390118598938, 0.9297236204147339, 0.48695623874664307, 0.8997749090194702, 0.5218062996864319, 0.533140242099762, 0.5643236637115479, 0.5480649471282959, 0.5428136587142944, 0.5265710949897766, 0.8255895376205444, 0.5424541234970093, 0.842469334602356, 0.8999481201171875, 0.5288011431694031, 0.7736596465110779, 0.9406128525733948, 0.8714379072189331, 0.5616011619567871, 0.5395868420600891, 0.5168681740760803, 0.8719087839126587]",0,set(),"[1.0, 1.0, 1.0, 1.0, 1.0, 1.0, 1.0, 0.0, 1.0, 1.0, 1.0, 1.0, 0.0, 1.0, 1.0, 1.0, 1.0, 1.0, 1.0, 0.0833333358168602, 1.0, 0.0, 0.0833333358168602, 1.0, 0.0, 1.0, 1.0, 0.0, 1.0, 0.0, 1.0, 1.0, 1.0, 1.0, 1.0, 1.0, 0.0, 1.0, 1.0, 1.0, 0.0, 1.0, 0.0833333358168602, 1.0, 1.0, 1.0, 1.0, 0.0, 0.0, 0.0, 1.0, 1.0, 1.0, 0.0833333358168602, 1.0, 1.0, 1.0, 0.0, 1.0, 0.0, 1.0, 1.0, 0.0833333358168602, 1.0, 1.0, 1.0, 1.0, 1.0, 1.0, 1.0, 0.0, 1.0, 0.0, 0.0, 1.0, 1.0, 0.0, 0.9166666865348816, 0.0, 0.0, 1.0, 0.0, 1.0, 1.0, 1.0, 1.0, 1.0, 1.0, 0.0, 1.0, 0.0, 0.0, 1.0, 0.0833333358168602, 0.0, 0.0, 1.0, 0.9166666865348816, 1.0, 0.0]","[0.9952718615531921, 0.9952718615531921, 0.9952718615531921, 0.9943262338638306, 0.9947990775108337, 0.9952718615531921, 0.9957447052001953, 0.9938534498214722, 0.9952718615531921, 0.9952718615531921, 0.9929078221321106, 0.9952718615531921, 0.9952718615531921, 0.9947990775108337, 0.9952718615531921, 0.9952718615531921, 0.9952718615531921, 0.9952718615531921, 0.9957447052001953, 0.9947990775108337, 0.9943262338638306, 0.9952718615531921, 0.9938534498214722, 0.9947990775108337, 0.9952718615531921, 0.9957447052001953, 0.9952718615531921, 0.9952718615531921, 0.9952718615531921, 0.9952718615531921, 0.9952718615531921, 0.9952718615531921, 0.9952718615531921, 0.9952718615531921, 0.9947990775108337, 0.9947990775108337, 0.9947990775108337, 0.9952718615531921, 0.9957447052001953, 0.9957447052001953, 0.9952718615531921, 0.9952718615531921, 0.993380606174469, 0.9947990775108337, 0.9957447052001953, 0.9957447052001953, 0.9947990775108337, 0.9957447052001953, 0.9952718615531921, 0.9938534498214722, 0.9957447052001953, 0.9957447052001953, 0.9952718615531921, 0.993380606174469, 0.9952718615531921, 0.9947990775108337, 0.9957447052001953, 0.9952718615531921, 0.9947990775108337, 0.9957447052001953, 0.9952718615531921, 0.9952718615531921, 0.9952718615531921, 0.9952718615531921, 0.9952718615531921, 0.9952718615531921, 0.9943262338638306, 0.9952718615531921, 0.9957447052001953, 0.9952718615531921, 0.9952718615531921, 0.9943262338638306, 0.9952718615531921, 0.9952718615531921, 0.9952718615531921, 0.9952718615531921, 0.9952718615531921, 0.9952718615531921, 0.9938534498214722, 0.9952718615531921, 0.9947990775108337, 0.9952718615531921, 0.9947990775108337, 0.9943262338638306, 0.9957447052001953, 0.9952718615531921, 0.9952718615531921, 0.9947990775108337, 0.9952718615531921, 0.9952718615531921, 0.9947990775108337, 0.9957447052001953, 0.9947990775108337, 0.9938534498214722, 0.9952718615531921, 0.9952718615531921, 0.9952718615531921, 0.9952718615531921, 0.9952718615531921, 0.9952718615531921]",0.6833334565162659,0.9950874447822571,0.9975490570068359,0.9975490570068359,0.015625,0.9949319958686829,0.9952718676122931,0.21823930740356445
98,100,100,0,29,71,"[0.0, 0.0, 0.0, 0.0, 0.0, 0.0, 0.0, 0.0, 0.0, 0.0, 0.0, 0.0, 0.0, 0.0, 0.0, 0.0, 0.0, 0.0, 0.0, 0.0, 0.0, 0.0, 0.0, 0.0, 0.0, 0.0, 0.0, 0.0, 0.0, 0.0, 0.0, 0.0, 0.0, 0.0, 0.0, 0.0, 0.0, 0.0, 0.0, 0.0, 0.0, 0.0, 0.0, 0.0, 0.0, 0.0, 0.0, 0.0, 0.0, 0.0, 0.0, 0.0, 0.0, 0.0, 0.0, 0.0, 0.0, 0.0, 0.0, 0.0, 0.0, 0.0, 0.0, 0.0, 0.0, 0.0, 0.0, 0.0, 0.0, 0.0, 0.0, 0.0, 0.0, 0.0, 0.0, 0.0, 0.0, 0.0, 0.0, 0.0, 0.0, 0.0, 0.0, 0.0, 0.0, 0.0, 0.0, 0.0, 0.0, 0.0, 0.0, 0.0, 0.0, 0.0, 0.0, 0.0, 0.0, 0.0, 0.0, 0.0]","[0.922795295715332, 0.51607346534729, 0.5594544410705566, 0.8180603981018066, 0.5457195043563843, 0.5130879878997803, 0.5355209112167358, 0.5091050863265991, 0.5692974328994751, 0.891040563583374, 0.5275341272354126, 0.532313883304596, 0.5674296617507935, 0.8868625164031982, 0.561665415763855, 0.5329887866973877, 0.5543769001960754, 0.5294109582901001, 0.5643919110298157, 0.5422552824020386, 0.550028920173645, 0.531285285949707, 0.5050145387649536, 0.5247519612312317, 0.831672191619873, 0.5403766632080078, 0.8436689376831055, 0.5290470719337463, 0.5600916147232056, 0.5265786647796631, 0.9024953842163086, 0.5843700170516968, 0.9073761701583862, 0.5531102418899536, 0.8656550645828247, 0.5119889974594116, 0.8815280199050903, 0.8435139656066895, 0.5406454801559448, 0.5719903707504272, 0.5410794615745544, 0.5051732063293457, 0.5399233102798462, 0.5147721171379089, 0.5840790271759033, 0.5226647853851318, 0.5134422779083252, 0.5374460816383362, 0.5476971864700317, 0.4989025890827179, 0.5539891123771667, 0.5469655990600586, 0.5324963331222534, 0.5291019678115845, 0.571885347366333, 0.8402538299560547, 0.497137188911438, 0.5446492433547974, 0.5582125186920166, 0.5700963735580444, 0.829755425453186, 0.8083885908126831, 0.9035810232162476, 0.5670146942138672, 0.5441499352455139, 0.547654390335083, 0.5767666101455688, 0.9568255543708801, 0.8818225860595703, 0.516120433807373, 0.5390664935112, 0.5218414664268494, 0.9081724882125854, 0.5330513715744019, 0.9094164967536926, 0.9028869867324829, 0.5576778650283813, 0.5289721488952637, 0.5456129312515259, 0.8852595090866089, 0.5936104655265808, 0.5467919707298279, 0.5177348256111145, 0.8478414416313171, 0.5027939677238464, 0.5556663274765015, 0.5300720930099487, 0.5672542452812195, 0.8669827580451965, 0.9328230619430542, 0.5307168960571289, 0.8938458561897278, 0.869621992111206, 0.9047962427139282, 0.5276803970336914, 0.5557702779769897, 0.901738166809082, 0.5101464986801147, 0.8800159096717834, 0.5357853174209595]",0,set(),"[0.0, 1.0, 1.0, 0.0833333358168602, 1.0, 1.0, 1.0, 1.0, 1.0, 0.0, 1.0, 1.0, 0.9166666865348816, 0.0, 1.0, 1.0, 1.0, 1.0, 1.0, 1.0, 1.0, 1.0, 1.0, 1.0, 0.0, 1.0, 0.0, 1.0, 1.0, 1.0, 0.0, 1.0, 0.0, 1.0, 0.0, 1.0, 0.0, 0.0, 1.0, 1.0, 1.0, 1.0, 1.0, 1.0, 0.9166666865348816, 1.0, 1.0, 1.0, 1.0, 1.0, 1.0, 1.0, 1.0, 1.0, 1.0, 0.0, 1.0, 1.0, 1.0, 1.0, 0.0, 0.0, 0.0, 1.0, 1.0, 1.0, 1.0, 0.0, 0.0, 1.0, 1.0, 1.0, 0.0, 1.0, 0.0, 0.0, 0.9166666865348816, 1.0, 1.0, 0.0, 1.0, 1.0, 1.0, 0.0833333358168602, 1.0, 1.0, 1.0, 1.0, 0.0, 0.0, 1.0, 0.0, 0.0, 0.0, 1.0, 0.9166666865348816, 0.0, 1.0, 0.0, 1.0]","[0.9952718615531921, 0.9947990775108337, 0.9957447052001953, 0.9938534498214722, 0.9952718615531921, 0.9943262338638306, 0.9952718615531921, 0.9943262338638306, 0.9952718615531921, 0.9952718615531921, 0.9952718615531921, 0.9943262338638306, 0.9957447052001953, 0.9952718615531921, 0.9952718615531921, 0.9952718615531921, 0.9952718615531921, 0.9952718615531921, 0.9957447052001953, 0.9952718615531921, 0.9952718615531921, 0.9952718615531921, 0.9938534498214722, 0.9952718615531921, 0.9943262338638306, 0.9952718615531921, 0.9938534498214722, 0.9952718615531921, 0.9952718615531921, 0.9952718615531921, 0.9957447052001953, 0.9957447052001953, 0.9952718615531921, 0.9952718615531921, 0.9943262338638306, 0.9952718615531921, 0.9952718615531921, 0.9938534498214722, 0.9957447052001953, 0.9952718615531921, 0.9957447052001953, 0.9947990775108337, 0.9957447052001953, 0.9947990775108337, 0.9957447052001953, 0.9947990775108337, 0.9947990775108337, 0.9952718615531921, 0.9947990775108337, 0.9947990775108337, 0.9957447052001953, 0.9952718615531921, 0.9952718615531921, 0.9947990775108337, 0.9952718615531921, 0.9952718615531921, 0.9943262338638306, 0.9952718615531921, 0.9947990775108337, 0.9952718615531921, 0.9952718615531921, 0.9947990775108337, 0.9952718615531921, 0.9957447052001953, 0.9952718615531921, 0.9952718615531921, 0.9952718615531921, 0.9952718615531921, 0.9952718615531921, 0.9952718615531921, 0.9952718615531921, 0.9947990775108337, 0.9947990775108337, 0.9952718615531921, 0.9952718615531921, 0.9952718615531921, 0.9952718615531921, 0.9952718615531921, 0.9952718615531921, 0.9952718615531921, 0.9962174892425537, 0.9952718615531921, 0.9952718615531921, 0.9952718615531921, 0.9947990775108337, 0.9952718615531921, 0.9943262338638306, 0.9957447052001953, 0.9947990775108337, 0.9952718615531921, 0.9952718615531921, 0.9952718615531921, 0.9952718615531921, 0.9952718615531921, 0.9947990775108337, 0.9957447052001953, 0.9952718615531921, 0.9947990775108337, 0.9952718615531921, 0.9952718615531921]",0.7083333730697632,0.9951441884040833,0.9953052401542664,0.9953052401542664,0.005747126415371895,0.9950273633003235,0.9952718676122931,0.21672606468200684
99,100,100,0,33,67,"[0.0, 0.0, 0.0, 0.0, 0.0, 0.0, 0.0, 0.0, 0.0, 0.0, 0.0, 0.0, 0.0, 0.0, 0.0, 0.0, 0.0, 0.0, 0.0, 0.0, 0.0, 0.0, 0.0, 0.0, 0.0, 0.0, 0.0, 0.0, 0.0, 0.0, 0.0, 0.0, 0.0, 0.0, 0.0, 0.0, 0.0, 0.0, 0.0, 0.0, 0.0, 0.0, 0.0, 0.0, 0.0, 0.0, 0.0, 0.0, 0.0, 0.0, 0.0, 0.0, 0.0, 0.0, 0.0, 0.0, 0.0, 0.0, 0.0, 0.0, 0.0, 0.0, 0.0, 0.0, 0.0, 0.0, 0.0, 0.0, 0.0, 0.0, 0.0, 0.0, 0.0, 0.0, 0.0, 0.0, 0.0, 0.0, 0.0, 0.0, 0.0, 0.0, 0.0, 0.0, 0.0, 0.0, 0.0, 0.0, 0.0, 0.0, 0.0, 0.0, 0.0, 0.0, 0.0, 0.0, 0.0, 0.0, 0.0, 0.0]","[0.5241966247558594, 0.5363439321517944, 0.5197303295135498, 0.5493682622909546, 0.586137056350708, 0.5068632364273071, 0.9027135372161865, 0.9595875144004822, 0.5437808036804199, 0.9068034887313843, 0.5139816999435425, 0.510712742805481, 0.5137983560562134, 0.5567560195922852, 0.5291642546653748, 0.8588306307792664, 0.5501459836959839, 0.9031351208686829, 0.8659499883651733, 0.49314385652542114, 0.8086673021316528, 0.9267768859863281, 0.9615695476531982, 0.5189688801765442, 0.83893883228302, 0.5310896635055542, 0.862122654914856, 0.5547069311141968, 0.9059869647026062, 0.5427206158638, 0.5533994436264038, 0.9107502698898315, 0.5523427128791809, 0.5354197025299072, 0.5228878259658813, 0.5307000279426575, 0.5108591318130493, 0.8983274698257446, 0.5652387142181396, 0.8363281488418579, 0.535327136516571, 0.5580809116363525, 0.5076502561569214, 0.8799598217010498, 0.5632838010787964, 0.5442535877227783, 0.5348449945449829, 0.515762448310852, 0.5047171115875244, 0.9111794829368591, 0.540259599685669, 0.8641742467880249, 0.5404109358787537, 0.5398434996604919, 0.5864026546478271, 0.5347511768341064, 0.5240821838378906, 0.5777139663696289, 0.4989004135131836, 0.835935115814209, 0.545663595199585, 0.85718834400177, 0.5390484929084778, 0.5198365449905396, 0.5249543190002441, 0.5933712124824524, 0.8522259593009949, 0.5677051544189453, 0.5535715818405151, 0.5205628871917725, 0.5626537203788757, 0.8701752424240112, 0.549200713634491, 0.5430505871772766, 0.507060170173645, 0.8054043054580688, 0.9136130213737488, 0.5513772964477539, 0.5399596691131592, 0.5625602006912231, 0.5400179624557495, 0.5192515254020691, 0.5098704695701599, 0.5415921211242676, 0.883516788482666, 0.48593759536743164, 0.5871178507804871, 0.5835882425308228, 0.8811861872673035, 0.5274427533149719, 0.514683723449707, 0.8328119516372681, 0.9261597394943237, 0.8867802619934082, 0.9200213551521301, 0.5538214445114136, 0.5434985160827637, 0.8505256175994873, 0.844689130783081, 0.8916134834289551]",0,set(),"[1.0, 1.0, 1.0, 1.0, 1.0, 1.0, 0.0, 0.0, 1.0, 0.0, 1.0, 1.0, 1.0, 1.0, 1.0, 0.0, 1.0, 0.0, 0.0, 1.0, 0.0833333358168602, 0.0, 0.0, 1.0, 0.0833333358168602, 1.0, 0.0, 1.0, 0.0, 1.0, 1.0, 0.0, 1.0, 1.0, 1.0, 1.0, 1.0, 0.0, 1.0, 0.0833333358168602, 1.0, 1.0, 1.0, 0.0, 1.0, 0.9166666865348816, 1.0, 1.0, 1.0, 0.0, 1.0, 0.0, 1.0, 1.0, 1.0, 1.0, 1.0, 1.0, 1.0, 0.0, 1.0, 0.0833333358168602, 1.0, 0.9166666865348816, 1.0, 1.0, 0.0, 1.0, 1.0, 1.0, 1.0, 0.0, 1.0, 1.0, 1.0, 0.0, 0.0833333358168602, 1.0, 1.0, 1.0, 1.0, 1.0, 1.0, 1.0, 0.0, 1.0, 1.0, 1.0, 0.0, 1.0, 0.9166666865348816, 0.0833333358168602, 0.0, 0.0833333358168602, 0.0, 1.0, 1.0, 0.0, 0.0, 0.0]","[0.9952718615531921, 0.9952718615531921, 0.9952718615531921, 0.9952718615531921, 0.9957447052001953, 0.9943262338638306, 0.9952718615531921, 0.9952718615531921, 0.9957447052001953, 0.9952718615531921, 0.9952718615531921, 0.9952718615531921, 0.9952718615531921, 0.9952718615531921, 0.9947990775108337, 0.9952718615531921, 0.9952718615531921, 0.9952718615531921, 0.9952718615531921, 0.9952718615531921, 0.9938534498214722, 0.9952718615531921, 0.9952718615531921, 0.9952718615531921, 0.9938534498214722, 0.9952718615531921, 0.9952718615531921, 0.9952718615531921, 0.9952718615531921, 0.9952718615531921, 0.9952718615531921, 0.9952718615531921, 0.9952718615531921, 0.9947990775108337, 0.9952718615531921, 0.9952718615531921, 0.9943262338638306, 0.9952718615531921, 0.9957447052001953, 0.9952718615531921, 0.9947990775108337, 0.9957447052001953, 0.9938534498214722, 0.9952718615531921, 0.9952718615531921, 0.9957447052001953, 0.9952718615531921, 0.9952718615531921, 0.9938534498214722, 0.9947990775108337, 0.9957447052001953, 0.9957447052001953, 0.9952718615531921, 0.9952718615531921, 0.9957447052001953, 0.9952718615531921, 0.9947990775108337, 0.9957447052001953, 0.9952718615531921, 0.9952718615531921, 0.9952718615531921, 0.9952718615531921, 0.9957447052001953, 0.9952718615531921, 0.9957447052001953, 0.9962174892425537, 0.9947990775108337, 0.9957447052001953, 0.9952718615531921, 0.9952718615531921, 0.9957447052001953, 0.9952718615531921, 0.9957447052001953, 0.9952718615531921, 0.9947990775108337, 0.9947990775108337, 0.9952718615531921, 0.9952718615531921, 0.9952718615531921, 0.9957447052001953, 0.9957447052001953, 0.9952718615531921, 0.9952718615531921, 0.9943262338638306, 0.9952718615531921, 0.9943262338638306, 0.9957447052001953, 0.9962174892425537, 0.9952718615531921, 0.9938534498214722, 0.9952718615531921, 0.9938534498214722, 0.9957447052001953, 0.9952718615531921, 0.9957447052001953, 0.9952718615531921, 0.9957447052001953, 0.9952718615531921, 0.9943262338638306, 0.9952718615531921]",0.6733333468437195,0.9952150583267212,0.996268630027771,0.996268630027771,0.017676766961812973,0.9951143264770508,0.9952718676122931,0.11285138130187988
